id,summary,risk,category
51401,00.04.55 CP1C S0129621  DSNR035I  -DP51 DSNRPBCW WARNING - UNCOMMITTED UR AFTER 3 CHECKPOINTS - CORRELATION NAME = ME980000 -           CONNECTION ID  = DB2CALL -           LUWID = BOCHQP.DP51APPL.D5580C79BF54 = 135340 -,10+,9
51402,01.40.30 CP1C J0049304 *IEF099I JOB P1ZOSDL  WAITING FOR DATA SETS,1+,0
51403,01.34.56 CP2A J0152186 *IEF099I JOB TMZ60000 WAITING FOR DATA SETS,1+,0
51404,"01.22.19 CP2D           IOS080I 47B1,9A,TMGL5100, I/O TIMEOUT INTERVAL HAS BEEN EXCEEDED FOR AN ACTIVE REQUEST. DATASET NAME=PRDDEDPR.SPLIT.GLXX.TPGL0027.PR5100.T00",1+,4
51405,01.05.03 CP3B J0065237 *IEF099I JOB SMFMRGCI WAITING FOR DATA SETS,1+,0
51406,01.05.01 CP1E J0048538 *IEF099I JOB SMFMRGCI WAITING FOR DATA SETS,1+,0
51407,"02.12.58 CP2A           IOS080I 4BFB,A5,C404132C, I/O TIMEOUT INTERVAL HAS BEEN EXCEEDED FOR AN ACTIVE REQUEST. DATASET NAME=PRDC64R.LVEQ.ET.ETQD2041.A3212",1+,4
51408,02.07.17 CP1E J0053395 *IEF099I JOB P1CICSDL WAITING FOR DATA SETS,1+,0
51409,03.08.07 CP1E J0063750 *IEF099I JOB G01S506B WAITING FOR DATA SETS,1+,0
51410,03.07.01 CP1D S0178019  _CSQX599E !MQ2A CSQXRESP Channel PRM.MER.ISTCONN ended abnormally connection 21.123.107.142 -  BEEN - RUNNING FOR 105 MINUTES -            CORRELATION NAME=ENTRPYMV0033 -            CONNECTION ID=CIP1KA32 -,10+,9
51411,"03.07.01 CP1D S0178019  +CSQX209E !MQ2A CSQXRESP Connection unexpectedly terminated, channel PRM.MER.ISTCONN -  connection 21.123.107.142 -  (queue manager MQGA) -  TRPTYPE=TCP RC=00000000",10+,9
51412,04.32.13 CP3D J0088279 *IEF099I JOB DEDPG1S5 WAITING FOR DATA SETS,1+,0
51413,04.31.50 CP3D J0088216 *IEF099I JOB DEDPDEU4 WAITING FOR DATA SETS,1+,0
51414,"04.07.16 CP2C           IOS080I 4CE4,70,AM300026, I/O TIMEOUT INTERVAL HAS BEEN EXCEEDED FOR AN ACTIVE REQUEST. DATASET NAME=PRDC64R.LVEQ.TEMP.AM202663.S01",1+,4
51415,05.28.18 CP1D J0066749 *IEF099I JOB A01S766B WAITING FOR DATA SETS,1+,0
51416,*05.16.59 CP1C J0066611 *IEF099I JOB AXBKOUT  WAITING FOR DATA SETS,1+,0
51417,05.08.37 CP1F J0066319  +DBA:BANCS BIG SEGMENT TS FOUND!TSSAFE HAS 22 DATASETS(MAX 32) SYSJOB,1+,1
51418,05.08.37 CP1F J0066319  +DBA:BANCS BIG SEGMENT TS FOUND!TSSPYO HAS 25 DATASETS(MAX 32) SYSJOB,1+,1
51419,05.08.37 CP1F J0066319  +DBA:BANCS BIG SEGMENT TS FOUND!TSLMVU HAS 20 DATASETS(MAX 32) SYSJOB,1+,1
51420,05.06.51 CP1F J0066319  +DBA:BANCS BIG PARTITION TS FOUND!TSGECT PART 252 71.6% INUSE SYSJOB,1+,6
51421,05.06.50 CP1F J0066319  +DBA:BANCS BIG PARTITION TS FOUND!TSGECT PART 251 80.6% INUSE SYSJOB,1+,6
51422,05.06.49 CP1F J0066319  +DBA:BANCS BIG PARTITION TS FOUND!TSGECT PART 159 77.3% INUSE SYSJOB,1+,6
51423,05.06.48 CP1F J0066319  +DBA:BANCS BIG PARTITION TS FOUND!TSGECT PART 126 74.7% INUSE SYSJOB,1+,6
51424,05.06.47 CP1F J0066319  +DBA:BANCS BIG PARTITION TS FOUND!TSGECT PART 87 71.7% INUSE SYSJOB,1+,6
51425,05.06.48 CP1F J0066319  +DBA:BANCS BIG PARTITION TS FOUND!TSGECT PART 98 79.6% INUSE SYSJOB,1+,6
51426,05.04.12 CP1E J0066379  +DBA:EISS BIG SEGMENT TS FOUND!CGEN050P HAS 20 DATASETS(MAX 32) SYSJOB,1+,1
51427,05.04.12 CP1E J0066379  +DBA:EISS BIG SEGMENT TS FOUND!CGEN245P HAS 24 DATASETS(MAX 32) SYSJOB,1+,1
51428,05.04.13 CP1E J0066379  +DBA:EISS BIG SEGMENT TS FOUND!CGEN246P HAS 21 DATASETS(MAX 32) SYSJOB,1+,1
51429,05.04.13 CP1E J0066379  +DBA:EISS BIG SEGMENT TS FOUND!CGEN263P HAS 22 DATASETS(MAX 32) SYSJOB,1+,1
51430,05.04.12 CP1E J0066379  +DBA:EISS BIG SEGMENT TS FOUND!CGEN048P HAS 20 DATASETS(MAX 32) SYSJOB,1+,1
51431,06.55.30 CP1C J0067756 *IEF099I JOB G00S077B WAITING FOR DATA SETS,1+,0
51432,07.30.12 CP1C J0068251 *IEF099I JOB G01S260B WAITING FOR DATA SETS,1+,0
51433,07.30.05 CP1D J0068247 *IEF099I JOB G01S192B WAITING FOR DATA SETS,1+,0
51434,08.06.28 CP2D S0044205  BSOEXTPDSS0 SEV=WAR CP2C Data Set: SYS0.MLIB.PARMLIB EXTENTS = 16 (Exts > 12),1+,9
51435,"10.25.03 CP1D J0070666 *IEF099I JOB G02S121B WAITING FOR DATA SETS Scratch of volume WP5208 requested by host via device 02AD, dsn='TXNH.CA160117.H20'",100+,0
51436,11.28.24 CP3D S0059824 *DSNB319A  -DP2Y DSNB1CNE THERE IS A SHORTAGE OF * SPACE *IN GROUP BUFFER POOL GBP0,1+,8
51437,11.06.49 CP1F S0129634  DSNR035I  -DP41 DSNRPBCW WARNING - UNCOMMITTED UR AFTER 3 CHECKPOINTS - CORRELATION NAME = TF000102 -           CONNECTION ID  = BATCH -           LUWID = BOCHQP.DP41APPL.D558A2C68DCF = 131274 -           P,10+,9
51438,15.34.31 CP1E J0075525 *IEF099I JOB JOINKEY  WAITING FOR DATA SETS,1+,0
51439,19.44.14 CP3D S0189611  DNFF4095I 2018-12-08 11:44:14 BOCOUA DNF_FSM LT 'BKCHAU2SA': RP user synchronization will start in '120' seconds.,100+,9
51440,19.44.12 CP3D S0189611  DNFF4068I 2018-12-08 11:44:12 BOCOUA DNF_FSM LT 'BKCHAU2SA': 'Life Signal' timeout detected by 'FSM SLS'.,100+,9
51441,"19.44.12 CP3C S0189605  DNFF4079I 2018-12-08 11:44:12 BOCOUA DNF_FSM LT 'BKCHAU2SA': ABORT requested by AL server, ABORT code 'US007', ABORT diagnostic code - 'Life signal timeout'.",10+,9
51442,"19.44.12 CP3D S0189611  DNFF4141I 2018-12-08 11:44:12 BOCOUA DNF_FSM LT 'BKCHAU2SA': user or SFD-internal ABORT request accepted, ABORT code 'US007', ABORT - diagnostic code 'Life signal timeout'.",10+,9
51443,"19.41.28 CP3D S0189611  DNFF4141I 2018-12-08 11:41:28 BOCOUA DNF_FSM LT 'BKCHAU2AA': user or SFD-internal ABORT request accepted, ABORT code 'US007', ABORT - diagnostic code 'Life signal timeout'.",10+,9
51444,19.41.29 CP3D S0189611  DNFF4095I 2018-12-08 11:41:29 BOCOUA DNF_FSM LT 'BKCHAU2AA': RP user synchronization will start in '120' seconds.,100+,9
51445,"19.41.28 CP3C S0189605  DNFF4079I 2018-12-08 11:41:28 BOCOUA DNF_FSM LT 'BKCHAU2AA': ABORT requested by AL server, ABORT code 'US007', ABORT diagnostic code - 'Life signal timeout'.",100+,9
51446,21.14.45 CP1F J0079683  +DBA:BANCS BIG SEGMENT TS FOUND!TSSPYO HAS 25 DATASETS(MAX 32) SYSJOB,1+,1
51447,21.14.45 CP1F J0079683  +DBA:BANCS BIG SEGMENT TS FOUND!TSSAFE HAS 22 DATASETS(MAX 32) SYSJOB,1+,1
51448,21.14.45 CP1F J0079683  +DBA:BANCS BIG SEGMENT TS FOUND!TSLMVU HAS 20 DATASETS(MAX 32) SYSJOB,1+,1
51449,21.13.41 CP1F J0079683  +DBA:BANCS BIG PARTITION TS FOUND!TSGECT PART 159 77.7% INUSE SYSJOB,1+,6
51450,21.13.41 CP1F J0079683  +DBA:BANCS BIG PARTITION TS FOUND!TSGECT PART 126 74.7% INUSE SYSJOB,1+,6
51451,21.13.42 CP1F J0079683  +DBA:BANCS BIG PARTITION TS FOUND!TSGECT PART 252 71.6% INUSE SYSJOB,1+,6
51452,21.13.41 CP1F J0079683  +DBA:BANCS BIG PARTITION TS FOUND!TSGECT PART 251 80.7% INUSE SYSJOB,1+,6
51453,21.13.41 CP1F J0079683  +DBA:BANCS BIG PARTITION TS FOUND!TSGECT PART 243 70.6% INUSE SYSJOB,1+,6
51454,21.13.40 CP1F J0079683  +DBA:BANCS BIG PARTITION TS FOUND!TSGECT PART 98 79.6% INUSE SYSJOB,1+,6
51455,21.13.40 CP1F J0079683  +DBA:BANCS BIG PARTITION TS FOUND!TSGECT PART 87 71.7% INUSE SYSJOB,1+,6
51456,21.12.37 CP1F J0079761 *IEF099I JOB NA100006 WAITING FOR DATA SETS,1+,0
51457,21.04.11 CP1D J0079653  +DBA:EISS BIG SEGMENT TS FOUND!CGEN263P HAS 22 DATASETS(MAX 32) SYSJOB,1+,1
51458,21.04.11 CP1D J0079653  +DBA:EISS BIG SEGMENT TS FOUND!CGEN246P HAS 21 DATASETS(MAX 32) SYSJOB,1+,1
51459,21.04.11 CP1D J0079653  +DBA:EISS BIG SEGMENT TS FOUND!CGEN048P HAS 20 DATASETS(MAX 32) SYSJOB,1+,1
51460,21.04.11 CP1D J0079653  +DBA:EISS BIG SEGMENT TS FOUND!CGEN245P HAS 24 DATASETS(MAX 32) SYSJOB,1+,1
51461,21.04.11 CP1D J0079653  +DBA:EISS BIG SEGMENT TS FOUND!CGEN050P HAS 20 DATASETS(MAX 32) SYSJOB,1+,1
51462,"00.58.00 CP1B S0195832  GEO551I HYPERSWAP DISABLED BY USER IBMSE11 AT 20181209 00:30:27, HyperSwap is disabled (CP1BA)",100+,9
51463,带库相关问题，请通知系统管理一和生产运行值班人员 00.55.13 CP1A S0092303 *3027 IEF238D SA390IPL - REPLY DEVICE NAME OR * 'CANCEL'.,10+,9
51464,带库相关问题，请通知系统管理一和生产运行值班人员 00.55.13 CP1A S0092303 *3027 IEF238D SA390IPL - REPLY DEVICE NAME OR |  'CANCEL'.,10+,9
51465,00.55.02 CP1A S0092187  BZMVBBPASS0 SEV=WAR CP1F Jobname: BBSGPR (Status <> ACTIVE),10+,9
51466,00.50.49 CP3C S0048456  +CSQX599E !QP1S CSQXRCTL Channel SWIFTI.BPS.CHL ended abnormally,10+,9
51467,00.49.20 CP2B S0007540  BNEEPUACTS0 SEV=CRI TCPIP PUName:EEC2AC1A System:CP2A Remote IP:11.3.2.1         (State <> ACTIVE) (Persisting),1+,4
51468,00.49.20 CP2B S0007540  BNEEPUACTS0 SEV=CRI TCPIP PUName:EEC2BC1A System:CP2B Remote IP:11.3.2.1         (State <> ACTIVE) (Persisting),1+,4
51469,00.48.52 CP3A S0048551  BNEEPUACTS0 SEV=CRI TCPIP PUName:EECP3C1A System:CP3A Remote IP:11.3.2.1         (State <> ACTIVE) (Persisting),1+,4
51470,00.48.52 CP3A S0048551  BNEEPUACTS0 SEV=CRI TCPIP PUName:EECP3C1A System:CP3C Remote IP:11.3.2.1         (State <> ACTIVE) (Persisting),1+,4
51471,00.49.05 CP1E S0177454  +CSQX599E !QWP2 CSQXRCTL Channel SWIFTI.SWIFTLNK.CHL ended abnormally,10+,9
51472,00.48.20 CP2B S0007540  BNEEPUACTS0 SEV=CRI TCPIP PUName:EEC2AC1A System:CP2A Remote IP:11.3.2.1         (State <> ACTIVE) (Persisting),1+,4
51473,00.48.20 CP2B S0007540  BNEEPUACTS0 SEV=CRI TCPIP PUName:EEC2BC1A System:CP2B Remote IP:11.3.2.1         (State <> ACTIVE) (Persisting),1+,4
51474,00.47.21 CP2B S0007540  BNEEPUACTS0 SEV=CRI TCPIP PUName:EEC2AC1A System:CP2A Remote IP:11.3.2.1         (State <> ACTIVE) (Persisting),1+,4
51475,00.48.21 CP1D S0092109  +CSQX599E !QPY2 CSQXRCTL Channel QR.CHL1.QPY2.TO.QM55 ended abnormally,10+,9
51476,00.47.21 CP2B S0007540  BNEEPUACTS0 SEV=CRI TCPIP PUName:EEC2BC1A System:CP2B Remote IP:11.3.2.1         (State <> ACTIVE) (Persisting),1+,4
51477,00.47.53 CP3A S0048551  BNEEPUACTS0 SEV=CRI TCPIP PUName:EECP3C1A System:CP3C Remote IP:11.3.2.1         (State <> ACTIVE) (Persisting),1+,4
51478,00.47.53 CP3A S0048551  BNEEPUACTS0 SEV=CRI TCPIP PUName:EECP3C1A System:CP3A Remote IP:11.3.2.1         (State <> ACTIVE) (Persisting),1+,4
51479,00.47.41 CP1F S0092108  +CSQX599E !QPY1 CSQXRCTL Channel QR.CHN1.QPY1.TO.QM93 ended abnormally,10+,9
51480,00.47.41 CP1F S0092108  +CSQX599E !QPY1 CSQXRCTL Channel QR.CHN2.QPY1.TO.QMDD ended abnormally,10+,9
51481,00.47.41 CP1F S0092108  +CSQX599E !QPY1 CSQXRCTL Channel QR.CHN2.QPY1.TO.QM93 ended abnormally,10+,9
51482,00.47.41 CP1F S0092108  +CSQX599E !QPY1 CSQXRCTL Channel QR.CHN1.QPY1.TO.QMDD ended abnormally,10+,9
51483,00.47.25 CP1F S0092108  +CSQX599E !QPY1 CSQXRCTL Channel QR.CHL2.QPY1.TO.QMDD ended abnormally,10+,9
51484,00.47.25 CP1F S0092108  +CSQX599E !QPY1 CSQXRCTL Channel QR.CHL1.QPY1.TO.QMDD ended abnormally,10+,9
51485,00.47.25 CP1F S0092108  +CSQX599E !QPY1 CSQXRCTL Channel QR.CHL1.QPY1.TO.QM93 ended abnormally,10+,9
51486,00.45.54 CP3A S0048551  BNEEPUACTS0 SEV=CRI TCPIP PUName:EECP3C1A System:CP3C Remote IP:11.3.2.1         (State <> ACTIVE) (Persisting),1+,4
51487,00.45.54 CP3A S0048551  BNEEPUACTS0 SEV=CRI TCPIP PUName:EECP3C1A System:CP3A Remote IP:11.3.2.1         (State <> ACTIVE) (Persisting),1+,4
51488,00.46.21 CP2B S0007540  BNEEPUACTS0 SEV=CRI TCPIP PUName:EEC2AC1A System:CP2A Remote IP:11.3.2.1         (State <> ACTIVE) (Persisting),1+,4
51489,00.46.21 CP2B S0007540  BNEEPUACTS0 SEV=CRI TCPIP PUName:EEC2BC1A System:CP2B Remote IP:11.3.2.1         (State <> ACTIVE) (Persisting),1+,4
51490,00.45.22 CP2B S0007540  BNEEPUACTS0 SEV=CRI TCPIP PUName:EEC2BC1A System:CP2B Remote IP:11.3.2.1         (State <> ACTIVE) (Persisting) 00:44:25 IST924I ------------------------------------------------------------- IST2192I STARTE,1+,4
51491,00.45.22 CP2B S0007540  BNEEPUACTS0 SEV=CRI TCPIP PUName:EEC2AC1A System:CP2A Remote IP:11.3.2.1         (State <> ACTIVE) (Persisting),1+,4
51492,00.45.06 CP1E S0127285  +CSQX599E !QPY2 CSQXRESP Channel QR.CHL1.QM55.TO.QPY2 ended abnormally,10+,9
51493,00.44.54 CP3A S0048551  BNEEPUACTS0 SEV=CRI TCPIP PUName:EECP3C1A System:CP3A Remote IP:11.3.2.1         (State <> ACTIVE) (Persisting),1+,4
51494,00.44.54 CP3A S0048551  BNEEPUACTS0 SEV=CRI TCPIP PUName:EECP3C1A System:CP3C Remote IP:11.3.2.1         (State <> ACTIVE) (Persisting),1+,4
51495,00.45.06 CP1E S0127285  +CSQX599E !QPY2 CSQXRESP Channel QR.CHL1.QM93.TO.QPY2 ended abnormally,10+,9
51496,00.44.22 CP2B S0007540  BNEEPUACTS0 SEV=CRI TCPIP PUName:EEC2BC1A System:CP2B Remote IP:11.3.2.1         (State <> ACTIVE) (Persisting),1+,4
51497,00.44.22 CP2B S0007540  BNEEPUACTS0 SEV=CRI TCPIP PUName:EEC2AC1A System:CP2A Remote IP:11.3.2.1         (State <> ACTIVE) (Persisting),1+,4
51498,00.43.46 CP1C S0127288  +CSQX599E !QPY1 CSQXRESP Channel QR.CHL1.QM55.TO.QPY1 ended abnormally,1+,9
51499,00.43.46 CP1C S0127288  +CSQX599E !QPY1 CSQXRESP Channel QR.CHL1.QMDD.TO.QPY1 ended abnormally,1+,9
51500,00.43.46 CP1C S0127288  +CSQX599E !QPY1 CSQXRESP Channel QR.CHN1.QM93.TO.QPY1 ended abnormally,1+,9
51501,00.43.46 CP1C S0127288  +CSQX599E !QPY1 CSQXRESP Channel QR.CHL1.QM93.TO.QPY1 ended abnormally,1+,9
51502,00.43.46 CP1C S0127288  +CSQX599E !QPY1 CSQXRESP Channel QR.CHN1.QMDD.TO.QPY1 ended abnormally,1+,9
51503,00.43.46 CP1C S0127288  +CSQX599E !QPY1 CSQXRESP Channel QR.CHN1.QM55.TO.QPY1 ended abnormally,1+,9
51504,00.42.55 CP3A S0048551  BNEEPUACTS0 SEV=CRI TCPIP PUName:EECP3C1A System:CP3C Remote IP:11.3.2.1         (State <> ACTIVE) (Persisting),1+,4
51505,00.42.55 CP3A S0048551  BNEEPUACTS0 SEV=CRI TCPIP PUName:EECP3C1A System:CP3A Remote IP:11.3.2.1         (State <> ACTIVE),1+,4
51506,00.43.23 CP2B S0007540  BNEEPUACTS0 SEV=CRI TCPIP PUName:EEC2BC1A System:CP2B Remote IP:11.3.2.1         (State <> ACTIVE) (Persisting) 00:42:27 IST924I ------------------------------------------------------------- IST2192I STARTE,1+,4
51507,00.43.23 CP2B S0007540  BNEEPUACTS0 SEV=CRI TCPIP PUName:EEC2AC1A System:CP2A Remote IP:11.3.2.1         (State <> ACTIVE) (Persisting),1+,4
51508,00.42.24 CP2B S0007540  BNEEPUACTS0 SEV=CRI TCPIP PUName:EEC2BC1A System:CP2B Remote IP:11.3.2.1         (State <> ACTIVE) BOCHQP.SSCPCP1A IST1495I NO ALTERNATE ROUTE AVAILABLE IST314I END,1+,4
51509,00.42.24 CP2B S0007540  BNEEPUACTS0 SEV=CRI TCPIP PUName:EEC2AC1A System:CP2A Remote IP:11.3.2.1         (State <> ACTIVE),1+,4
51510,"00.42.13 CP1F S0092089  ASN0574E  ""Q Capture"" : ""QRPHY1"" : ""WorkerThread"" : The WebSphere MQ queue manager ""QPY1"" is not available or it was not started. - The program will terminate.",10+,9
51511,00.41.55 CP3A S0048551  BNEEPUACTS0 SEV=CRI TCPIP PUName:EECP3C1A System:CP3C Remote IP:11.3.2.1         (State <> ACTIVE) (Persisting),1+,4
51512,00.39.56 CP3A S0048551  BNEEPUACTS0 SEV=CRI TCPIP PUName:EECP3C1A System:CP3C Remote IP:11.3.2.1         (State <> ACTIVE),1+,4
51513,00.39.56 CP3A S0048551  BNEEPUACTS0 SEV=CRI TCPIP PUName:EECP3C1A System:CP3A Remote IP:11.3.2.1         (State <> ACTIVE),1+,4
51514,00.39.45 CP1F S0127284  +CSQX599E !QPS2 CSQXRESP Channel QR.CHL1.QM93.TO.QPS2 ended abnormally connection 11.4.35.141 (11.4.35.141),10+,9
51515,00.37.54 CP1D S0127290  +CSQX599E !QPS1 CSQXRESP Channel QR.CHN1.QM55.TO.QPS1 ended abnormally connection 11.4.35.146 (11.4.35.146),10+,9
51516,00.37.51 CP1D S0127290  +CSQX599E !QPS1 CSQXRESP Channel QR.CHL1.QMDD.TO.QPS1 ended abnormally connection 11.4.35.151 (11.4.35.151),10+,9
51517,.37.25 CPKB STC07342  IST1196I APPN CONNECTION FOR BOCHQP.SSCPCP1A INACTIVE - TGN = 21,10+,9
51518,"00.36.21 CP3C S0048456  +CSQX209E !QP1S CSQXRCTL Connection unexpectedly terminated, channel SWIFTI.BPS.CHL -  connection 21.123.69.121 -  (queue manager QMSBPS_GW) -  TRPTYPE=TCP RC=00000000",1+,9
51519,"00.34.30 CP1E S0177454  +CSQX209E !QWP2 CSQXRCTL Connection unexpectedly terminated, channel SWIFTI.SWIFTLNK.CHL -  connection 21.123.69.121 -  (queue manager QMSBPS_GW) -  TRPTYPE=TCP RC=00000000",1+,9
51520,00.31.51 CP3C S0048456  +CSQX599E !QP1S CSQXRESP Channel BPS.SWIFTI.CHL ended abnormally connection 21.123.69.121,1+,9
51521,00.21.24 CP1E S0177454  +CSQX599E !QWP2 CSQXRCTL Channel WBIFNBJ.WBIFNHK.CHL ended abnormally,10+,9
51522,00.19.43 CP1C S0129908  BZASLDPSVS0 SEV=CRI CP1D Jobname: LDPSRV (Status <> ACTIVE),10+,9
51523,00.19.43 CP1C S0129908  BZASLDPSVS0 SEV=CRI CP1E Jobname: LDPSRV (Status <> ACTIVE),10+,9
51524,00.19.20 CP1A J0092003 *IEF099I JOB SMSRPTP1 WAITING FOR DATA SETS,1+,0
51525,"00.17.24 CP1D S0178013  +CSQX209E !QWP1 CSQXRCTL Connection unexpectedly terminated, channel WBIFNBJ.WBIFNHK.CHL -  connection 21.238.3.93 -  (queue manager ????) -  TRPTYPE=TCP RC=00000000",1+,9
51526,"00.15.56 CP1D S0178013  +CSQX209E !QWP1 CSQXRCTL Connection unexpectedly terminated, channel WBIFNBJ.WBIFNHK.CHL -  connection 21.238.3.93 -  (queue manager ????) -  TRPTYPE=TCP RC=00000000",1+,9
51527,"00.14.28 CP1D S0178013  +CSQX209E !QWP1 CSQXRCTL Connection unexpectedly terminated, channel WBIFNBJ.WBIFNHK.CHL -  connection 21.238.3.93 -  (queue manager ????) -  TRPTYPE=TCP RC=00000000",1+,9
51528,"00.14.21 CP1D S0178013  +CSQX209E !QWP1 CSQXRESP Connection unexpectedly terminated, channel SWIFTI.QWP0 -  connection 11.3.2.5 -  (queue manager QWP0) -  TRPTYPE=TCP RC=00000000",1+,9
51529,"00.14.21 CP1E S0177454  +CSQX209E !QWP2 CSQXRESP Connection unexpectedly terminated, channel SWIFTI.QWP0 -  connection 11.3.2.5 -  (queue manager QWP0) -  TRPTYPE=TCP RC=00000000",1+,9
51530,"00.14.21 CP1E S0177454  +CSQX209E !QWP2 CSQXRESP Connection unexpectedly terminated, channel SWIFTI.QWP0 -  connection 11.3.2.5 -  TRPTYPE=TCP RC=00000000",1+,9
51531,"00.14.21 CP1D S0178013  +CSQX209E !QWP1 CSQXRESP Connection unexpectedly terminated, channel SWIFTI.QWP0 -  connection 11.3.2.5 -  TRPTYPE=TCP RC=00000000",1+,9
51532,"00.14.18 CP1E S0177454  +CSQX209E !QWP2 CSQXRESP Connection unexpectedly terminated, channel SWIFTI.QWP0 -  connection 11.3.2.4 -  (queue manager QWP0) -  TRPTYPE=TCP RC=00000000",1+,9
51533,"00.14.18 CP1D S0178013  +CSQX209E !QWP1 CSQXRESP Connection unexpectedly terminated, channel SWIFTI.QWP0 -  connection 11.3.2.4 00-  (queue manager QWP0) -  TRPTYPE=TCP RC=00000000",1+,9
51534,"00.14.18 CP1D S0178013  +CSQX209E !QWP1 CSQXRESP Connection unexpectedly terminated, channel SWIFTI.QWP0 -  connection 11.3.2.4 -  (queue manager QWP0) -  TRPTYPE=TCP RC=00000000",1+,9
51535,"00.14.18 CP1E S0177454  +CSQX209E !QWP2 CSQXRESP Connection unexpectedly terminated, channel SWIFTI.QWP0 -  connection 11.3.2.4 -  (queue manager QWP0)",1+,9
51536,"00.13.01 CP1E S0177454  +CSQX209E !QWP2 CSQXRCTL Connection unexpectedly terminated, channel WBIFNBJ.WBIFNHK.CHL -  connection 21.238.3.93 -  (queue manager ????) -  TRPTYPE=TCP RC=00000000",1+,9
51537,"00.11.33 CP1D S0178013  +CSQX209E !QWP1 CSQXRCTL Connection unexpectedly terminated, channel WBIFNBJ.WBIFNHK.CHL -  connection 21.238.3.93 -  (queue manager ????)",1+,9
51538,"00.10.08 CP1D S0178013  +CSQX209E !QWP1 CSQXRCTL Connection unexpectedly terminated, channel WBIFNBJ.WBIFNHK.CHL -  connection 21.238.3.93 -  (queue manager ????) -  TRPTYPE=TCP RC=00000000",1+,9
51539,"00.09.57 CP1D S0178013  +CSQX209E !QWP1 CSQXRCTL Connection unexpectedly terminated, channel WBIFNBJ.WBIFNHK.CHL -  connection 21.238.3.93 -  (queue manager WBNPG02) -  TRPTYPE=TCP RC=00000000",1+,9
51540,00.07.15 CP1D S0178013  +CSQX599E !QWP1 CSQXRESP Channel WBIFNHK.WBIFNBJ.CHL2 ended abnormally connection 21.238.3.93,1+,9
51541,00.06.09 CP1A J0091938 *IEF099I JOB SMSRPTP1 WAITING FOR DATA SETS,1+,0
51542,00.05.43 CP1E S0177454  +CSQX599E !QWP2 CSQXRESP Channel WBIFNHK.WBIFNBJ.CHL1 ended abnormally connection 21.238.3.92,1+,9
51543,01.59.31 CP1A S0092187  BNROUTACTS0 SEV=CRI TCPIP DestinationIPAddr:11.3.3.7/32 System:CP1C (RouteStatus <> ACTIVE),1+,5
51544,01.59.31 CP1A S0092187  BNROUTACTS0 SEV=CRI TCPIP DestinationIPAddr:11.3.3.18/32 System:CP1C (RouteStatus <> ACTIVE),1+,5
51545,01.59.31 CP1A S0092187  BNROUTACTS0 SEV=CRI TCPIP DestinationIPAddr:11.3.3.3/32 System:CP1C (RouteStatus <> ACTIVE),1+,5
51546,01.59.31 CP1A S0092187  BNROUTACTS0 SEV=CRI TCPIP DestinationIPAddr:11.3.3.3/32 System:CP1D (RouteStatus <> ACTIVE),1+,5
51547,01.59.31 CP1A S0092187  BNROUTACTS0 SEV=CRI TCPIP DestinationIPAddr:11.3.3.18/32 System:CP1A (RouteStatus <> ACTIVE),1+,5
51548,01.59.31 CP1A S0092187  BNROUTACTS0 SEV=CRI TCPIP DestinationIPAddr:11.3.3.7/32 System:CP1D (RouteStatus <> ACTIVE),1+,5
51549,01.59.31 CP1A S0092187  BNROUTACTS0 SEV=CRI TCPIP DestinationIPAddr:11.3.3.7/32 System:CP1D (RouteStatus <> ACTIVE) DestinationIPAddr:11.3.3.18/32 System:CP1D (RouteStatus <> ACTIVE),1+,5
51550,01.59.31 CP1A S0092187  BNROUTACTS0 SEV=CRI TCPIP DestinationIPAddr:11.3.3.3/32 System:CP1A (RouteStatus <> ACTIVE),1+,5
51551,01.59.31 CP1A S0092187  BNROUTACTS0 SEV=CRI TCPIP DestinationIPAddr:11.3.3.7/32 System:CP1A (RouteStatus <> ACTIVE),1+,5
51552,01.59.31 CP1A S0092187  BNROUTACTS0 SEV=CRI TCPIP DestinationIPAddr:11.3.3.3/32 System:CP1A (RouteStatus <> ACTIVE) DestinationIPAddr:11.3.3.18/32 System:CP1A (RouteStatus <> ACTIVE),1+,5
51553,01.59.31 CP1A S0092187  BNROUTACTS0 SEV=CRI TCPIP DestinationIPAddr:11.3.3.18/32 System:CP1D (RouteStatus <> ACTIVE),1+,5
51554,01.58.06 CP1E S0130116  +DFHDB2025I CIP1KA31 The CICS-DB2 attachment has disconnected from DB2 subsystem DP31 been closed.,10+,9
51555,01.57.55 CP1C S0092559  BCTASKCSKLS0 SEV=CRI ALL Tranid: CSKL (Count < 10),10+,9
51556,"01.58.00 CP1B S0195832  GEO551I HYPERSWAP DISABLED BY USER IBMSE11 AT 20181209 00:30:27, HyperSwap is disabled (CP1BA)",100+,9
51557,"01.57.47 CP1E S0130257  +DFHDB2025I CIP1FA31                            C 12/09/2018 01:57:47 CIP1FA31 The CICS-DB2 attachment has disconnected from DB2 subsystem DP3C group DP0C -  CKAM, TERMID ????, USERID CIRUFA  , TASKNO 000057",10+,9
51558,01.57.48 CP1E S0130258  +DFHDB2025I CIP1FA32                            C 12/09/2018 01:57:48 CIP1FA32 The CICS-DB2 attachment has disconnected from DB2 subsystem DP3C group DP0C,10+,9
51559,01.57.05 CP1E S0130268  +DFHDB2025I CIP1FT31                            C 12/09/2018 01:57:05 CIP1FT31 The CICS-DB2 attachment has disconnected from DB2 subsystem DP3C group DP0C,10+,9
51560,01.57.01 CP1E S0177454  +CSQX599E !QWP2 CSQXRESP Channel QWP1.TO.QWP2 ended abnormally connection 11.3.2.4,1+,9
51561,01.57.01 CP1E S0177454  +CSQX599E !QWP2 CSQXRESP Channel WBIFNHK.WBIFNBJ.CHL1 ended abnormally connection 21.238.3.92,1+,9
51562,01.57.01 CP1E S0177454  +CSQX599E !QWP2 CSQXRESP Channel GCSCDR.SWIFTI.CHL ended abnormally connection 21.123.31.156,1+,9
51563,01.57.01 CP1E S0177454  +CSQX599E !QWP2 CSQXRESP Channel GCMS.SWIFTI.CHL ended abnormally connection 21.123.23.100,1+,9
51564,01.57.01 CP1E S0177454  +CSQX599E !QWP2 CSQXRESP Channel GCS.SWIFTI.CHL ended abnormally connection 21.123.31.119,1+,9
51565,01.57.01 CP1E S0177454  +CSQX599E !QWP2 CSQXRESP Channel AMLMAS.SWIFTI.CHL ended abnormally,1+,9
51566,01.57.01 CP1E S0177454  +CSQX599E !QWP2 CSQXRCTL Channel WBIFNBJ.WBIFNHK.CHL ended abnormally,1+,9
51567,01.57.01 CP1E S0177454  +CSQX599E !QWP2 CSQXRESP Channel WBIFNHK.WBIFNBJ.CHL2 ended abnormally connection 21.238.3.93,1+,9
51568,01.57.01 CP1E S0177454  +CSQX599E !QWP2 CSQXRESP Channel MUREX.SWIFTID.CHL ended abnormally connection 21.123.25.57,1+,9
51569,01.57.01 CP1E S0177454  +CSQX599E !QWP2 CSQXRESP Channel SWIFTLNK.SWIFTI.CHL ended abnormally,1+,9
51570,01.57.01 CP1E S0177454  +CSQX599E !QWP2 CSQXRESP Channel CTIS.SWIFTI.CHL ended abnormally connection 11.4.21.112,1+,9
51571,01.57.01 CP1E S0177454  +CSQX599E !QWP2 CSQXRESP Channel GUPP.SWIFTID.CHL ended abnormally connection 21.123.34.80,1+,9
51572,01.57.01 CP1E S0177454  +CSQX599E !QWP2 CSQXRESP Channel CTISO.SWIFTI.CHL ended abnormally connection 21.125.38.81,1+,9
51573,01.57.01 CP1E S0177454  +CSQX599E !QWP2 CSQXRESP Channel CASS.SWIFTI.CHL ended abnormally connection 21.123.65.144,1+,9
51574,01.57.01 CP1E S0130104  +CSQX599E !QP31 CSQXRESP Channel IARS.BANCS.CHL ended abnormally connection 11.4.17.88,1+,9
51575,01.57.01 CP1E S0130104  +CSQX599E !QP31 CSQXRESP Channel RCPS.BANCS.BGL.CHL ended abnormally connection 21.123.18.141,1+,9
51576,01.57.01 CP1E S0130104  +CSQX599E !QP31 CSQXRESP Channel GLMS.BANCS.V1.CHL ended abnormally connection 11.4.20.165,10+,9
51577,01.57.01 CP1E S0177455  +CSQX599E !MQ3A CSQXRESP Channel PRM.MER.ISTCONN ended abnormally connection 21.123.51.90,10+,9
51578,01.50.31 CP2A J0020929 *IEF099I JOB TMZ60000 WAITING FOR DATA SETS,1+,0
51579,带库相关问题，请通知系统管理一和生产运行值班人员 01.47.50 CP1C S0092689 *3060 IEF238D SA390IPL - REPLY DEVICE NAME OR * 'CANCEL'.,10+,9
51580,01.46.01 CP1C S0092559  BCEMVSLMTS0 SEV=WAR CIP1KA12 Target: CIP1KA12 EMVS% = 85.94 (%EMVSUsed > 85),10+,9
51581,01.46.01 CP1C S0092559  BCEMVSLMTS0 SEV=WAR CIP1KA14 Target: CIP1KA14 EMVS% = 85.93 (%EMVSUsed > 85),10+,9
51582,01.46.01 CP1C S0092559  BCEMVSLMTS0 SEV=WAR CIP1KA13 Target: CIP1KA13 EMVS% = 85.93 (%EMVSUsed > 85) EMVS% = 85.93 (%EMVSUsed > 85),10+,9
51583,01.46.01 CP1C S0092559  BCEMVSLMTS0 SEV=WAR CIP1KA11 Target: CIP1KA11 EMVS% = 85.93 (%EMVSUsed > 85),10+,9
51584,01.46.01 CP1C S0092559  BCEMVSLMTS0 SEV=WAR CIP1KA16 Target: CIP1KA16 EMVS% = 85.93 (%EMVSUsed > 85),10+,9
51585,"01.46.05 CP1C S0092559  BCCONNECTS0 SEV=CRI CIP1KT11 CID: RH11 NET: LSCS00H0 STAT: RELEASED CIP1KT13 End of Alarm Condition       ,CICS连接中断",10+,9
51586,"01.45.06 CP1C S0092559  BCCONNECTS0 SEV=CRI CIP1AT11 CID: B111 NET: CIP1KT13 STAT: RELEASED        ,CICS连接中断",10+,9
51587,01.45.01 CP1C S0092559  BCEMVSLMTS0 SEV=WAR CIP1KA15 Target: CIP1KA15 EMVS% = 85.93 (%EMVSUsed > 85),10+,9
51588,01.45.01 CP1C S0092559  BCEMVSLMTS0 SEV=WAR CIP1KA17 Target: CIP1KA17 EMVS% = 85.93 (%EMVSUsed > 85),10+,9
51589,01.44.06 CP1C S0092559  BZASLDPSVS0 SEV=CRI CP1D Jobname: LDPSRV (Status <> ACTIVE),10+,9
51590,01.44.06 CP1C S0092559  BZASLDPSVS0 SEV=CRI CP1E Jobname: LDPSRV (Status <> ACTIVE),10+,9
51591,01.44.02 CP1C S0092559  BCTASKCSKLS0 SEV=CRI ALL Tranid: CSKL (Count < 10),10+,9
51592,01.44.03 CP1C S0092559  BCEMVSLMTS0 SEV=WAR CIP1KA27 Target: CIP1KA27 EMVS% = 86.28 (%EMVSUsed > 85),10+,9
51593,01.44.03 CP1C S0092559  BCEMVSLMTS0 SEV=WAR CIP1KA26 Target: CIP1KA26 EMVS% = 86.26 (%EMVSUsed > 85),10+,9
51594,01.44.03 CP1C S0092559  BCEMVSLMTS0 SEV=WAR CIP1KA28 Target: CIP1KA28 EMVS% = 86.27 (%EMVSUsed > 85),10+,9
51595,01.44.03 CP1C S0092559  BCEMVSLMTS0 SEV=WAR CIP1KA25 Target: CIP1KA25 EMVS% = 86.27 (%EMVSUsed > 85),10+,9
51596,01.44.03 CP1C S0092559  BCEMVSLMTS0 SEV=WAR CIP1KA45 Target: CIP1KA45 EMVS% = 86.26 (%EMVSUsed > 85),10+,9
51597,01.44.03 CP1C S0092559  BCEMVSLMTS0 SEV=WAR CIP1KA42 Target: CIP1KA42 EMVS% = 86.27 (%EMVSUsed > 85),10+,9
51598,01.44.03 CP1C S0092559  BCEMVSLMTS0 SEV=WAR CIP1KA32 Target: CIP1KA32 EMVS% = 86.25 (%EMVSUsed > 85),10+,9
51599,01.44.03 CP1C S0092559  BCEMVSLMTS0 SEV=WAR CIP1KA34 Target: CIP1KA34 EMVS% = 86.25 (%EMVSUsed > 85) EMVS% = 86.26 (%EMVSUsed > 85),10+,9
51600,01.44.03 CP1C S0092559  BCEMVSLMTS0 SEV=WAR CIP1KA43 Target: CIP1KA43 EMVS% = 86.28 (%EMVSUsed > 85),10+,9
51601,01.44.03 CP1C S0092559  BCEMVSLMTS0 SEV=WAR CIP1KA48 Target: CIP1KA48 EMVS% = 86.27 (%EMVSUsed > 85),10+,9
51602,01.44.03 CP1C S0092559  BCEMVSLMTS0 SEV=WAR CIP1KA31 Target: CIP1KA31 EMVS% = 86.26 (%EMVSUsed > 85),10+,9
51603,01.44.03 CP1C S0092559  BCEMVSLMTS0 SEV=WAR CIP1KA35 Target: CIP1KA35 EMVS% = 86.26 (%EMVSUsed > 85),10+,9
51604,01.44.03 CP1C S0092559  BCEMVSLMTS0 SEV=WAR CIP1KA21 Target: CIP1KA21 EMVS% = 86.27 (%EMVSUsed > 85),10+,9
51605,01.44.03 CP1C S0092559  BCEMVSLMTS0 SEV=WAR CIP1KA37 Target: CIP1KA37 EMVS% = 86.26 (%EMVSUsed > 85),10+,9
51606,01.44.03 CP1C S0092559  BCEMVSLMTS0 SEV=WAR CIP1KA41 Target: CIP1KA41 EMVS% = 86.27 (%EMVSUsed > 85),10+,9
51607,01.44.03 CP1C S0092559  BCEMVSLMTS0 SEV=WAR CIP1KA44 Target: CIP1KA44 EMVS% = 86.26 (%EMVSUsed > 85),10+,9
51608,01.44.03 CP1C S0092559  BCEMVSLMTS0 SEV=WAR CIP1KA33 Target: CIP1KA33 EMVS% = 86.26 (%EMVSUsed > 85),10+,9
51609,01.44.03 CP1C S0092559  BCEMVSLMTS0 SEV=WAR CIP1KA22 Target: CIP1KA22 EMVS% = 86.27 (%EMVSUsed > 85) EMVS% = 86.27 (%EMVSUsed > 85),10+,9
51610,01.44.03 CP1C S0092559  BCEMVSLMTS0 SEV=WAR CIP1KA23 Target: CIP1KA23 EMVS% = 86.27 (%EMVSUsed > 85),10+,9
51611,01.44.03 CP1C S0092559  BCEMVSLMTS0 SEV=WAR CIP1KA36 Target: CIP1KA36 EMVS% = 86.27 (%EMVSUsed > 85),10+,9
51612,01.44.03 CP1C S0092559  BCEMVSLMTS0 SEV=WAR CIP1KA46 Target: CIP1KA46 EMVS% = 86.27 (%EMVSUsed > 85),10+,9
51613,01.44.03 CP1C S0092559  BCEMVSLMTS0 SEV=WAR CIP1KA47 Target: CIP1KA47 EMVS% = 86.28 (%EMVSUsed > 85),10+,9
51614,01.34.44 CP1A S0092187  BNROUTACTS0 SEV=CRI TCPIP DestinationIPAddr:11.3.3.5/32 System:CP1E (RouteStatus <> ACTIVE),1+,5
51615,01.34.44 CP1A S0092187  BNROUTACTS0 SEV=CRI TCPIP DestinationIPAddr:11.3.3.5/32 System:CP1F (RouteStatus <> ACTIVE),1+,5
51616,01.34.44 CP1A S0092187  BNROUTACTS0 SEV=CRI TCPIP DestinationIPAddr:11.3.3.1/32 System:CP1E (RouteStatus <> ACTIVE),1+,5
51617,01.34.44 CP1A S0092187  BNROUTACTS0 SEV=CRI TCPIP DestinationIPAddr:11.3.1.6/32 System:CP1F (RouteStatus <> ACTIVE),1+,5
51618,01.34.44 CP1A S0092187  BNROUTACTS0 SEV=CRI TCPIP DestinationIPAddr:11.3.3.1/32 System:CP1F (RouteStatus <> ACTIVE),1+,5
51619,01.34.44 CP1A S0092187  BNROUTACTS0 SEV=CRI TCPIP DestinationIPAddr:11.3.2.3/32 System:CP1F (RouteStatus <> ACTIVE),1+,5
51620,01.34.44 CP1A S0092187  BNROUTACTS0 SEV=CRI TCPIP DestinationIPAddr:11.3.1.3/32 System:CP1F (RouteStatus <> ACTIVE) DestinationIPAddr:11.3.3.1/32 System:CP1F (RouteStatus <> ACTIVE),1+,5
51621,01.34.44 CP1A S0092187  BNROUTACTS0 SEV=CRI TCPIP DestinationIPAddr:11.3.2.3/32 System:CP1E (RouteStatus <> ACTIVE),1+,5
51622,01.34.44 CP1A S0092187  BNROUTACTS0 SEV=CRI TCPIP DestinationIPAddr:11.3.2.3/32 System:CP1E (RouteStatus <> ACTIVE) DestinationIPAddr:11.3.2.3/32 System:CP1E (RouteStatus <> ACTIVE),1+,5
51623,01.34.44 CP1A S0092187  BNROUTACTS0 SEV=CRI TCPIP DestinationIPAddr:11.3.1.5/32 System:CP1E (RouteStatus <> ACTIVE),1+,5
51624,01.34.44 CP1A S0092187  BNROUTACTS0 SEV=CRI TCPIP DestinationIPAddr:11.3.2.3/32 System:CP1D (RouteStatus <> ACTIVE) DestinationIPAddr:11.3.3.1/32 System:CP1D (RouteStatus <> ACTIVE),1+,5
51625,01.34.44 CP1A S0092187  BNROUTACTS0 SEV=CRI TCPIP DestinationIPAddr:11.3.1.3/32 System:CP1E (RouteStatus <> ACTIVE),1+,5
51626,01.34.44 CP1A S0092187  BNROUTACTS0 SEV=CRI TCPIP DestinationIPAddr:11.3.3.5/32 System:CP1B (RouteStatus <> ACTIVE) DestinationIPAddr:11.3.3.5/32 System:CP1B (RouteStatus <> ACTIVE),1+,5
51627,01.34.44 CP1A S0092187  BNROUTACTS0 SEV=CRI TCPIP DestinationIPAddr:11.3.2.3/32 System:CP1B (RouteStatus <> ACTIVE) DestinationIPAddr:11.3.3.5/32 System:CP1B (RouteStatus <> ACTIVE),1+,5
51628,01.34.44 CP1A S0092187  BNROUTACTS0 SEV=CRI TCPIP DestinationIPAddr:11.3.3.5/32 System:CP1A (RouteStatus <> ACTIVE),1+,5
51629,01.34.44 CP1A S0092187  BNROUTACTS0 SEV=CRI TCPIP DestinationIPAddr:11.3.1.3/32 System:CP1B (RouteStatus <> ACTIVE),1+,5
51630,01.34.44 CP1A S0092187  BNROUTACTS0 SEV=CRI TCPIP DestinationIPAddr:11.3.3.1/32 System:CP1B (RouteStatus <> ACTIVE),1+,5
51631,01.34.44 CP1A S0092187  BNROUTACTS0 SEV=CRI TCPIP DestinationIPAddr:11.3.1.2/32 System:CP1B (RouteStatus <> ACTIVE),1+,5
51632,01.34.44 CP1A S0092187  BNROUTACTS0 SEV=CRI TCPIP DestinationIPAddr:11.3.1.1/32 System:CP1A (RouteStatus <> ACTIVE),1+,5
51633,01.34.44 CP1A S0092187  BNROUTACTS0 SEV=CRI TCPIP DestinationIPAddr:11.3.3.1/32 System:CP1A (RouteStatus <> ACTIVE),1+,5
51634,01.34.44 CP1A S0092187  BNROUTACTS0 SEV=CRI TCPIP DestinationIPAddr:11.3.1.3/32 System:CP1A (RouteStatus <> ACTIVE),1+,5
51635,01.34.44 CP1A S0092187  BNROUTACTS0 SEV=CRI TCPIP DestinationIPAddr:11.3.2.3/32 System:CP1B (RouteStatus <> ACTIVE),1+,5
51636,01.34.44 CP1A S0092187  BNROUTACTS0 SEV=CRI TCPIP DestinationIPAddr:11.3.3.5/32 System:CP1B (RouteStatus <> ACTIVE),1+,5
51637,01.34.44 CP1A S0092187  BNROUTACTS0 SEV=CRI TCPIP DestinationIPAddr:11.3.3.5/32 System:CP1D (RouteStatus <> ACTIVE),1+,5
51638,01.34.44 CP1A S0092187  BNROUTACTS0 SEV=CRI TCPIP DestinationIPAddr:11.3.1.4/32 System:CP1D (RouteStatus <> ACTIVE),1+,5
51639,01.34.44 CP1A S0092187  BNROUTACTS0 SEV=CRI TCPIP DestinationIPAddr:11.3.3.1/32 System:CP1D (RouteStatus <> ACTIVE) DestinationIPAddr:11.3.1.3/32 System:CP1D (RouteStatus <> ACTIVE),1+,5
51640,01.34.44 CP1A S0092187  BNROUTACTS0 SEV=CRI TCPIP DestinationIPAddr:11.3.2.3/32 System:CP1A (RouteStatus <> ACTIVE),1+,5
51641,01.34.44 CP1A S0092187  BNROUTACTS0 SEV=CRI TCPIP DestinationIPAddr:11.3.3.5/32 System:CP1A (RouteStatus <> ACTIVE) DestinationIPAddr:11.3.3.1/32 System:CP1A (RouteStatus <> ACTIVE),1+,5
51642,01.34.44 CP1A S0092187  BNROUTACTS0 SEV=CRI TCPIP DestinationIPAddr:11.3.3.1/32 System:CP1D (RouteStatus <> ACTIVE),1+,5
51643,01.34.44 CP1A S0092187  BNROUTACTS0 SEV=CRI TCPIP DestinationIPAddr:11.3.2.3/32 System:CP1D (RouteStatus <> ACTIVE),1+,5
51644,01.34.42 CP1A S0092187  BNEEPUACTS0 SEV=CRI TCPIP PUName:VN001672 System:CP1E Remote IP:11.3.2.3         (State <> ACTIVE) (Persisting),1+,4
51645,01.34.42 CP1A S0092187  BNEEPUACTS0 SEV=CRI TCPIP PUName:VN000143 System:CP1F Remote IP:11.3.2.3         (State <> ACTIVE),1+,4
51646,01.34.42 CP1A S0092187  BNEEPUACTS0 SEV=CRI TCPIP PUName:EEC1BC1C System:CP1B Remote IP:11.3.2.3         (State <> ACTIVE) (Persisting),1+,4
51647,01.34.42 CP1A S0092187  BNEEPUACTS0 SEV=CRI TCPIP PUName:VN000024 System:CP1D Remote IP:11.3.2.3         (State <> ACTIVE) (Persisting),1+,4
51648,01.33.44 CP1A S0092187  BNROUTACTS0 SEV=CRI TCPIP DestinationIPAddr:11.3.3.5/32 System:CP1A (RouteStatus <> ACTIVE),1+,5
51649,01.33.44 CP1A S0092187  BNROUTACTS0 SEV=CRI TCPIP DestinationIPAddr:11.3.3.1/32 System:CP1B (RouteStatus <> ACTIVE),1+,5
51650,01.33.44 CP1A S0092187  BNROUTACTS0 SEV=CRI TCPIP DestinationIPAddr:11.3.1.1/32 System:CP1A (RouteStatus <> ACTIVE),1+,5
51651,01.33.44 CP1A S0092187  BNROUTACTS0 SEV=CRI TCPIP DestinationIPAddr:11.3.3.5/32 System:CP1F (RouteStatus <> ACTIVE),1+,5
51652,01.33.44 CP1A S0092187  BNROUTACTS0 SEV=CRI TCPIP DestinationIPAddr:11.3.3.1/32 System:CP1E (RouteStatus <> ACTIVE),1+,5
51653,01.33.44 CP1A S0092187  BNROUTACTS0 SEV=CRI TCPIP DestinationIPAddr:11.3.1.3/32 System:CP1F (RouteStatus <> ACTIVE),1+,5
51654,01.33.44 CP1A S0092187  BNROUTACTS0 SEV=CRI TCPIP DestinationIPAddr:11.3.3.1/32 System:CP1F (RouteStatus <> ACTIVE),1+,5
51655,01.33.44 CP1A S0092187  BNROUTACTS0 SEV=CRI TCPIP DestinationIPAddr:11.3.1.6/32 System:CP1F (RouteStatus <> ACTIVE),1+,5
51656,01.33.44 CP1A S0092187  BNROUTACTS0 SEV=CRI TCPIP DestinationIPAddr:11.3.3.5/32 System:CP1E (RouteStatus <> ACTIVE),1+,5
51657,01.33.44 CP1A S0092187  BNROUTACTS0 SEV=CRI TCPIP DestinationIPAddr:11.3.2.3/32 System:CP1F (RouteStatus <> ACTIVE),1+,5
51658,01.33.44 CP1A S0092187  BNROUTACTS0 SEV=CRI TCPIP DestinationIPAddr:11.3.2.3/32 System:CP1B (RouteStatus <> ACTIVE),1+,5
51659,01.33.44 CP1A S0092187  BNROUTACTS0 SEV=CRI TCPIP DestinationIPAddr:11.3.1.2/32 System:CP1B (RouteStatus <> ACTIVE),1+,5
51660,01.33.44 CP1A S0092187  BNROUTACTS0 SEV=CRI TCPIP DestinationIPAddr:11.3.1.3/32 System:CP1E (RouteStatus <> ACTIVE),1+,5
51661,01.33.44 CP1A S0092187  BNROUTACTS0 SEV=CRI TCPIP DestinationIPAddr:11.3.2.3/32 System:CP1E (RouteStatus <> ACTIVE),1+,5
51662,01.33.44 CP1A S0092187  BNROUTACTS0 SEV=CRI TCPIP DestinationIPAddr:11.3.3.1/32 System:CP1F (RouteStatus <> ACTIVE) DestinationIPAddr:11.3.2.3/32 System:CP1F (RouteStatus <> ACTIVE),1+,5
51663,01.33.44 CP1A S0092187  BNROUTACTS0 SEV=CRI TCPIP DestinationIPAddr:11.3.3.5/32 System:CP1E (RouteStatus <> ACTIVE) DestinationIPAddr:11.3.2.3/32 System:CP1E (RouteStatus <> ACTIVE),1+,5
51664,01.33.44 CP1A S0092187  BNROUTACTS0 SEV=CRI TCPIP DestinationIPAddr:11.3.3.5/32 System:CP1B (RouteStatus <> ACTIVE),1+,5
51665,01.33.44 CP1A S0092187  BNROUTACTS0 SEV=CRI TCPIP DestinationIPAddr:11.3.1.3/32 System:CP1B (RouteStatus <> ACTIVE) DestinationIPAddr:11.3.3.1/32 System:CP1B (RouteStatus <> ACTIVE),1+,5
51666,01.33.44 CP1A S0092187  BNROUTACTS0 SEV=CRI TCPIP DestinationIPAddr:11.3.1.5/32 System:CP1E (RouteStatus <> ACTIVE),1+,5
51667,01.33.44 CP1A S0092187  BNROUTACTS0 SEV=CRI TCPIP DestinationIPAddr:11.3.3.5/32 System:CP1E (RouteStatus <> ACTIVE) DestinationIPAddr:11.3.3.1/32 System:CP1E (RouteStatus <> ACTIVE),1+,5
51668,01.33.44 CP1A S0092187  BNROUTACTS0 SEV=CRI TCPIP DestinationIPAddr:11.3.3.5/32 System:CP1D (RouteStatus <> ACTIVE) DestinationIPAddr:11.3.3.1/32 System:CP1D (RouteStatus <> ACTIVE),1+,5
51669,01.33.44 CP1A S0092187  BNROUTACTS0 SEV=CRI TCPIP DestinationIPAddr:11.3.2.3/32 System:CP1A (RouteStatus <> ACTIVE) DestinationIPAddr:11.3.2.3/32 System:CP1A (RouteStatus <> ACTIVE),1+,5
51670,01.33.44 CP1A S0092187  BNROUTACTS0 SEV=CRI TCPIP DestinationIPAddr:11.3.1.4/32 System:CP1D (RouteStatus <> ACTIVE),1+,5
51671,01.33.44 CP1A S0092187  BNROUTACTS0 SEV=CRI TCPIP DestinationIPAddr:11.3.1.3/32 System:CP1A (RouteStatus <> ACTIVE),1+,5
51672,01.33.44 CP1A S0092187  BNROUTACTS0 SEV=CRI TCPIP DestinationIPAddr:11.3.2.3/32 System:CP1A (RouteStatus <> ACTIVE),1+,5
51673,01.33.44 CP1A S0092187  BNROUTACTS0 SEV=CRI TCPIP DestinationIPAddr:11.3.3.1/32 System:CP1A (RouteStatus <> ACTIVE),1+,5
51674,01.33.44 CP1A S0092187  BNROUTACTS0 SEV=CRI TCPIP DestinationIPAddr:11.3.1.3/32 System:CP1D (RouteStatus <> ACTIVE),1+,5
51675,01.33.44 CP1A S0092187  BNROUTACTS0 SEV=CRI TCPIP DestinationIPAddr:11.3.2.3/32 System:CP1D (RouteStatus <> ACTIVE),1+,5
51676,01.33.44 CP1A S0092187  BNROUTACTS0 SEV=CRI TCPIP DestinationIPAddr:11.3.3.1/32 System:CP1D (RouteStatus <> ACTIVE),1+,5
51677,01.33.44 CP1A S0092187  BNROUTACTS0 SEV=CRI TCPIP DestinationIPAddr:11.3.3.5/32 System:CP1D (RouteStatus <> ACTIVE),1+,5
51678,01.33.42 CP1A S0092187  BNEEPUACTS0 SEV=CRI TCPIP PUName:VN001672 System:CP1E Remote IP:11.3.2.3         (State <> ACTIVE),1+,4
51679,01.33.42 CP1A S0092187  BNEEPUACTS0 SEV=CRI TCPIP PUName:VN000024 System:CP1D Remote IP:11.3.2.3         (State <> ACTIVE),1+,4
51680,01.33.42 CP1A S0092187  BNEEPUACTS0 SEV=CRI TCPIP PUName:EEC1BC1C System:CP1B Remote IP:11.3.2.3         (State <> ACTIVE),1+,4
51681,01.32.50 CP1A S0092179  IST1196I  APPN CONNECTION FOR BOCHQP.SSCPCP1C INACTIVE - TGN =  22,10+,9
51682,01.32.45 CP1A S0092187  BNROUTACTS0 SEV=CRI TCPIP DestinationIPAddr:11.3.2.3/32 System:CP1F (RouteStatus <> ACTIVE),1+,5
51683,01.32.45 CP1A S0092187  BNROUTACTS0 SEV=CRI TCPIP DestinationIPAddr:11.3.3.5/32 System:CP1F (RouteStatus <> ACTIVE) DestinationIPAddr:11.3.3.1/32 System:CP1F (RouteStatus <> ACTIVE),1+,5
51684,01.32.45 CP1A S0092187  BNROUTACTS0 SEV=CRI TCPIP DestinationIPAddr:11.3.3.1/32 System:CP1F (RouteStatus <> ACTIVE),1+,5
51685,01.32.45 CP1A S0092187  BNROUTACTS0 SEV=CRI TCPIP DestinationIPAddr:11.3.1.3/32 System:CP1F (RouteStatus <> ACTIVE),1+,5
51686,01.32.45 CP1A S0092187  BNROUTACTS0 SEV=CRI TCPIP DestinationIPAddr:11.3.3.5/32 System:CP1E (RouteStatus <> ACTIVE),1+,5
51687,01.32.45 CP1A S0092187  BNROUTACTS0 SEV=CRI TCPIP DestinationIPAddr:11.3.2.3/32 System:CP1E (RouteStatus <> ACTIVE) DestinationIPAddr:11.3.3.5/32 System:CP1E (RouteStatus <> ACTIVE),1+,5
51688,01.32.45 CP1A S0092187  BNROUTACTS0 SEV=CRI TCPIP DestinationIPAddr:11.3.3.5/32 System:CP1F (RouteStatus <> ACTIVE),1+,5
51689,01.32.45 CP1A S0092187  BNROUTACTS0 SEV=CRI TCPIP DestinationIPAddr:11.3.3.5/32 System:CP1E (RouteStatus <> ACTIVE) DestinationIPAddr:11.3.3.5/32 System:CP1E (RouteStatus <> ACTIVE),1+,5
51690,01.32.45 CP1A S0092187  BNROUTACTS0 SEV=CRI TCPIP DestinationIPAddr:11.3.2.3/32 System:CP1D (RouteStatus <> ACTIVE),1+,5
51691,01.32.45 CP1A S0092187  BNROUTACTS0 SEV=CRI TCPIP DestinationIPAddr:11.3.1.6/32 System:CP1F (RouteStatus <> ACTIVE),1+,5
51692,01.32.45 CP1A S0092187  BNROUTACTS0 SEV=CRI TCPIP DestinationIPAddr:11.3.2.3/32 System:CP1E (RouteStatus <> ACTIVE),1+,5
51693,01.32.45 CP1A S0092187  BNROUTACTS0 SEV=CRI TCPIP DestinationIPAddr:11.3.3.1/32 System:CP1D (RouteStatus <> ACTIVE),1+,5
51694,01.32.45 CP1A S0092187  BNROUTACTS0 SEV=CRI TCPIP DestinationIPAddr:11.3.1.3/32 System:CP1E (RouteStatus <> ACTIVE),1+,5
51695,01.32.45 CP1A S0092187  BNROUTACTS0 SEV=CRI TCPIP DestinationIPAddr:11.3.3.1/32 System:CP1E (RouteStatus <> ACTIVE),1+,5
51696,01.32.45 CP1A S0092187  BNROUTACTS0 SEV=CRI TCPIP DestinationIPAddr:11.3.3.1/32 System:CP1D (RouteStatus <> ACTIVE) DestinationIPAddr:11.3.3.5/32 System:CP1D (RouteStatus <> ACTIVE),1+,5
51697,01.32.45 CP1A S0092187  BNROUTACTS0 SEV=CRI TCPIP DestinationIPAddr:11.3.3.5/32 System:CP1D (RouteStatus <> ACTIVE),1+,5
51698,01.32.45 CP1A S0092187  BNROUTACTS0 SEV=CRI TCPIP DestinationIPAddr:11.3.1.4/32 System:CP1D (RouteStatus <> ACTIVE),1+,5
51699,01.32.45 CP1A S0092187  BNROUTACTS0 SEV=CRI TCPIP DestinationIPAddr:11.3.1.5/32 System:CP1E (RouteStatus <> ACTIVE),1+,5
51700,01.32.45 CP1A S0092187  BNROUTACTS0 SEV=CRI TCPIP DestinationIPAddr:11.3.1.1/32 System:CP1A (RouteStatus <> ACTIVE),1+,5
51701,01.32.45 CP1A S0092187  BNROUTACTS0 SEV=CRI TCPIP DestinationIPAddr:11.3.1.3/32 System:CP1A (RouteStatus <> ACTIVE),1+,5
51702,01.32.45 CP1A S0092187  BNROUTACTS0 SEV=CRI TCPIP DestinationIPAddr:11.3.3.1/32 System:CP1A (RouteStatus <> ACTIVE),1+,5
51703,01.32.45 CP1A S0092187  BNROUTACTS0 SEV=CRI TCPIP DestinationIPAddr:11.3.2.3/32 System:CP1A (RouteStatus <> ACTIVE),1+,5
51704,01.32.45 CP1A S0092187  BNROUTACTS0 SEV=CRI TCPIP DestinationIPAddr:11.3.2.3/32 System:CP1A (RouteStatus <> ACTIVE) DestinationIPAddr:11.3.2.3/32 System:CP1A (RouteStatus <> ACTIVE),1+,5
51705,01.32.45 CP1A S0092187  BNROUTACTS0 SEV=CRI TCPIP DestinationIPAddr:11.3.1.3/32 System:CP1D (RouteStatus <> ACTIVE),1+,5
51706,01.32.45 CP1A S0092187  BNROUTACTS0 SEV=CRI TCPIP DestinationIPAddr:11.3.3.5/32 System:CP1A (RouteStatus <> ACTIVE),1+,5
51707,01.32.45 CP1A S0092187  BNROUTACTS0 SEV=CRI TCPIP DestinationIPAddr:11.3.2.3/32 System:CP1B (RouteStatus <> ACTIVE),1+,5
51708,01.32.45 CP1A S0092187  BNROUTACTS0 SEV=CRI TCPIP DestinationIPAddr:11.3.2.3/32 System:CP1B (RouteStatus <> ACTIVE) DestinationIPAddr:11.3.3.1/32 System:CP1B (RouteStatus <> ACTIVE),1+,5
51709,01.32.45 CP1A S0092187  BNROUTACTS0 SEV=CRI TCPIP DestinationIPAddr:11.3.3.1/32 System:CP1B (RouteStatus <> ACTIVE) DestinationIPAddr:11.3.1.3/32 System:CP1B (RouteStatus <> ACTIVE),1+,5
51710,01.32.45 CP1A S0092187  BNROUTACTS0 SEV=CRI TCPIP DestinationIPAddr:11.3.1.2/32 System:CP1B (RouteStatus <> ACTIVE),1+,5
51711,01.32.45 CP1A S0092187  BNROUTACTS0 SEV=CRI TCPIP DestinationIPAddr:11.3.3.1/32 System:CP1B (RouteStatus <> ACTIVE),1+,5
51712,01.32.45 CP1A S0092187  BNROUTACTS0 SEV=CRI TCPIP DestinationIPAddr:11.3.3.5/32 System:CP1B (RouteStatus <> ACTIVE),1+,5
51713,01.31.45 CP1A S0092187  BNROUTACTS0 SEV=CRI TCPIP DestinationIPAddr:11.3.3.5/32 System:CP1A (RouteStatus <> ACTIVE),1+,5
51714,01.31.45 CP1A S0092187  BNROUTACTS0 SEV=CRI TCPIP DestinationIPAddr:11.3.3.1/32 System:CP1A (RouteStatus <> ACTIVE),1+,5
51715,01.31.45 CP1A S0092187  BNROUTACTS0 SEV=CRI TCPIP DestinationIPAddr:11.3.1.4/32 System:CP1D (RouteStatus <> ACTIVE),1+,5
51716,01.31.45 CP1A S0092187  BNROUTACTS0 SEV=CRI TCPIP DestinationIPAddr:11.3.3.5/32 System:CP1E (RouteStatus <> ACTIVE),1+,5
51717,01.31.45 CP1A S0092187  BNROUTACTS0 SEV=CRI TCPIP DestinationIPAddr:11.3.1.3/32 System:CP1A (RouteStatus <> ACTIVE),1+,5
51718,01.31.45 CP1A S0092187  BNROUTACTS0 SEV=CRI TCPIP DestinationIPAddr:11.3.3.1/32 System:CP1D (RouteStatus <> ACTIVE) DestinationIPAddr:11.3.1.3/32 System:CP1D (RouteStatus <> ACTIVE),1+,5
51719,01.31.45 CP1A S0092187  BNROUTACTS0 SEV=CRI TCPIP DestinationIPAddr:11.3.3.1/32 System:CP1D (RouteStatus <> ACTIVE),1+,5
51720,01.31.45 CP1A S0092187  BNROUTACTS0 SEV=CRI TCPIP DestinationIPAddr:11.3.3.5/32 System:CP1D (RouteStatus <> ACTIVE),1+,5
51721,01.31.45 CP1A S0092187  BNROUTACTS0 SEV=CRI TCPIP DestinationIPAddr:11.3.1.1/32 System:CP1A (RouteStatus <> ACTIVE) DestinationIPAddr:11.3.3.1/32 System:CP1A (RouteStatus <> ACTIVE),1+,5
51722,01.31.45 CP1A S0092187  BNROUTACTS0 SEV=CRI TCPIP DestinationIPAddr:11.3.1.6/32 System:CP1F (RouteStatus <> ACTIVE),1+,5
51723,01.31.45 CP1A S0092187  BNROUTACTS0 SEV=CRI TCPIP DestinationIPAddr:11.3.3.5/32 System:CP1F (RouteStatus <> ACTIVE) DestinationIPAddr:11.3.3.1/32 System:CP1F (RouteStatus <> ACTIVE),1+,5
51724,01.31.45 CP1A S0092187  BNROUTACTS0 SEV=CRI TCPIP DestinationIPAddr:11.3.3.1/32 System:CP1B (RouteStatus <> ACTIVE),1+,5
51725,01.31.45 CP1A S0092187  BNROUTACTS0 SEV=CRI TCPIP DestinationIPAddr:11.3.1.2/32 System:CP1B (RouteStatus <> ACTIVE),1+,5
51726,01.31.45 CP1A S0092187  BNROUTACTS0 SEV=CRI TCPIP DestinationIPAddr:11.3.1.5/32 System:CP1E (RouteStatus <> ACTIVE),1+,5
51727,01.31.45 CP1A S0092187  BNROUTACTS0 SEV=CRI TCPIP DestinationIPAddr:11.3.3.1/32 System:CP1B (RouteStatus <> ACTIVE) DestinationIPAddr:11.3.1.3/32 System:CP1B (RouteStatus <> ACTIVE),1+,5
51728,01.31.45 CP1A S0092187  BNROUTACTS0 SEV=CRI TCPIP DestinationIPAddr:11.3.3.1/32 System:CP1E (RouteStatus <> ACTIVE) DestinationIPAddr:11.3.1.3/32 System:CP1E (RouteStatus <> ACTIVE),1+,5
51729,01.31.45 CP1A S0092187  BNROUTACTS0 SEV=CRI TCPIP DestinationIPAddr:11.3.3.1/32 System:CP1E (RouteStatus <> ACTIVE),1+,5
51730,01.31.45 CP1A S0092187  BNROUTACTS0 SEV=CRI TCPIP DestinationIPAddr:11.3.3.5/32 System:CP1F (RouteStatus <> ACTIVE),1+,5
51731,01.31.45 CP1A S0092187  BNROUTACTS0 SEV=CRI TCPIP DestinationIPAddr:11.3.3.5/32 System:CP1B (RouteStatus <> ACTIVE),1+,5
51732,01.31.45 CP1A S0092187  BNROUTACTS0 SEV=CRI TCPIP DestinationIPAddr:11.3.1.3/32 System:CP1F (RouteStatus <> ACTIVE),1+,5
51733,01.31.45 CP1A S0092187  BNROUTACTS0 SEV=CRI TCPIP DestinationIPAddr:11.3.3.1/32 System:CP1F (RouteStatus <> ACTIVE),1+,5
51734,01.31.31 CP1E S0129913  BQBSTOPICS0 SEV=CRI ALL Topic String: BANCS/SYSMODE (Topic StringCnt < 4),10+,9
51735,01.31.32 CP1E S0129913  BQBDTOPICS0 SEV=CRI ALL Subs Name: BANCS/DNF Subs Cnt: 6 (Subs NAMECnt < 8),10+,9
51736,01.31.34 CP1E S0129913  BQBGTOPICS0 SEV=CRI ALL SubscriptionName: BANCS.GLMS.SYSMODE.SUB (Subs NAMECnt < 4),10+,9
51737,01.30.46 CP1A S0092187  BNROUTACTS0 SEV=CRI TCPIP DestinationIPAddr:11.3.3.5/32 System:CP1B (RouteStatus <> ACTIVE),1+,5
51738,01.30.46 CP1A S0092187  BNROUTACTS0 SEV=CRI TCPIP DestinationIPAddr:11.3.3.1/32 System:CP1B (RouteStatus <> ACTIVE),1+,5
51739,01.30.46 CP1A S0092187  BNROUTACTS0 SEV=CRI TCPIP DestinationIPAddr:11.3.3.5/32 System:CP1B (RouteStatus <> ACTIVE) DestinationIPAddr:11.3.3.1/32 System:CP1B (RouteStatus <> ACTIVE),1+,5
51740,01.30.46 CP1A S0092187  BNROUTACTS0 SEV=CRI TCPIP DestinationIPAddr:11.3.3.5/32 System:CP1F (RouteStatus <> ACTIVE),1+,5
51741,01.30.46 CP1A S0092187  BNROUTACTS0 SEV=CRI TCPIP DestinationIPAddr:11.3.3.1/32 System:CP1F (RouteStatus <> ACTIVE),1+,5
51742,01.30.46 CP1A S0092187  BNROUTACTS0 SEV=CRI TCPIP DestinationIPAddr:11.3.3.5/32 System:CP1A (RouteStatus <> ACTIVE),1+,5
51743,01.30.46 CP1A S0092187  BNROUTACTS0 SEV=CRI TCPIP DestinationIPAddr:11.3.3.5/32 System:CP1E (RouteStatus <> ACTIVE) DestinationIPAddr:11.3.3.5/32 System:CP1E (RouteStatus <> ACTIVE),1+,5
51744,01.30.46 CP1A S0092187  BNROUTACTS0 SEV=CRI TCPIP DestinationIPAddr:11.3.3.1/32 System:CP1E (RouteStatus <> ACTIVE),1+,5
51745,01.30.46 CP1A S0092187  BNROUTACTS0 SEV=CRI TCPIP DestinationIPAddr:11.3.3.1/32 System:CP1A (RouteStatus <> ACTIVE),1+,5
51746,01.30.46 CP1A S0092187  BNROUTACTS0 SEV=CRI TCPIP DestinationIPAddr:11.3.3.5/32 System:CP1E (RouteStatus <> ACTIVE),1+,5
51747,01.30.46 CP1A S0092187  BNROUTACTS0 SEV=CRI TCPIP DestinationIPAddr:11.3.3.5/32 System:CP1D (RouteStatus <> ACTIVE),1+,5
51748,01.30.46 CP1A S0092187  BNROUTACTS0 SEV=CRI TCPIP DestinationIPAddr:11.3.3.5/32 System:CP1A (RouteStatus <> ACTIVE) DestinationIPAddr:11.3.3.1/32 System:CP1A (RouteStatus <> ACTIVE),1+,5
51749,01.30.46 CP1A S0092187  BNROUTACTS0 SEV=CRI TCPIP DestinationIPAddr:11.3.3.1/32 System:CP1D (RouteStatus <> ACTIVE),1+,5
51750,"01.30.02 CP3B S0047996  SMC0051 SMC SUBSYSTEM INTERFACE ERROR FOR JOB DUMMTW01; REASON=ASCOMM RC=608 (X'00000260'), FUNCTION=XVOLLKUP",100+,9
51751,01.29.38 CP1C S0130129  +DFHDB2025I CIP1KA16 The CICS-DB2 attachment has disconnected from DB2 subsystem DP51,10+,9
51752,01.28.58 CP1C S0130261  +DFHDB2025I CIP1FA11                            C 12/09/2018 01:28:58 CIP1FA11 The CICS-DB2 attachment has disconnected from DB2 subsystem DP1C group DP0C connections to be closed. Number of active connections = 112.,10+,9
51753,01.28.58 CP1C S0130262  +DFHDB2025I CIP1FA12                            C 12/09/2018 01:28:58 CIP1FA12 The CICS-DB2 attachment has disconnected from DB2 subsystem DP1C group DP0C,10+,9
51754,01.28.39 CP1C S0179191  +DFHDB2025I CIP1GA11                            C 12/09/2018 01:28:39 CIP1GA11 The CICS-DB2 attachment has disconnected from DB2 subsystem DP1C group DP0C,10+,9
51755,01.28.38 CP1C S0129908  BCTASKCSKLS0 SEV=CRI ALL Tranid: CSKL (Count < 10),10+,9
51756,01.28.14 CP1C S0130269  +DFHDB2025I CIP1FT11                            C 12/09/2018 01:28:14 CIP1FT11 The CICS-DB2 attachment has disconnected from DB2 subsystem DP1C group DP0C,10+,9
51757,01.28.09 CP1C S0130101  +CSQX599E !QP11 CSQXRESP Channel EXBS.BANCS.CHL ended abnormally connection 21.123.67.58,1+,9
51758,01.28.09 CP1C S0130101  +CSQX599E !QP11 CSQXRESP Channel AMLCRR.BANCS.CHL ended abnormally connection 11.4.17.113,1+,9
51759,01.28.09 CP1C S0130101  +CSQX599E !QP11 CSQXRESP Channel GLMS.BANCS.CHL ended abnormally connection 11.4.20.165,1+,9
51760,"01.25.48 CP2C           IOS080I 59F7,8C,TME76400, I/O TIMEOUT INTERVAL HAS BEEN EXCEEDED FOR AN ACTIVE REQUEST.",1+,4
51761,"01.24.09 CP1C S0129908  BCTAKLIFES1 SEV=CRI CIP1KT11 TSBS(77254) LifeTime: 18607 (ElapsedTime > 18000)        ,CICS交易响应时间>3分钟",100+,9
51762,01.09.10 CP1D S0178013  +CSQX599E !QWP1 CSQXRCTL Channel SWIFTI.SWIFTLNK.CHL ended abnormally,1+,9
51763,01.06.28 CP1F J0092369 *IEF099I JOB G01SAGOC WAITING FOR DATA SETS,1+,0
51764,02.59.22 CP1A S0092179  IST1196I  APPN CONNECTION FOR BOCHQP.SSCPCP1F INACTIVE - TGN =  21,10+,9
51765,02.59.01 CP1A S0092187  BNROUTACTS0 SEV=CRI TCPIP DestinationIPAddr:11.3.1.5/32 System:CP1E (RouteStatus <> ACTIVE) DestinationIPAddr:11.3.3.17/32 System:CP1E (RouteStatus <> ACTIVE),1+,5
51766,02.59.01 CP1A S0092187  BNROUTACTS0 SEV=CRI TCPIP DestinationIPAddr:11.3.3.4/32 System:CP1E (RouteStatus <> ACTIVE),1+,5
51767,02.59.01 CP1A S0092187  BNROUTACTS0 SEV=CRI TCPIP DestinationIPAddr:11.3.3.2/32 System:CP1E (RouteStatus <> ACTIVE),1+,5
51768,02.59.01 CP1A S0092187  BNROUTACTS0 SEV=CRI TCPIP DestinationIPAddr:11.3.3.17/32 System:CP1E (RouteStatus <> ACTIVE),1+,5
51769,02.59.01 CP1A S0092187  BNROUTACTS0 SEV=CRI TCPIP DestinationIPAddr:11.3.1.5/32 System:CP1E (RouteStatus <> ACTIVE),1+,5
51770,02.59.01 CP1A S0092187  BNROUTACTS0 SEV=CRI TCPIP DestinationIPAddr:11.3.3.8/32 System:CP1E (RouteStatus <> ACTIVE),1+,5
51771,02.59.01 CP1A S0092187  BNROUTACTS0 SEV=CRI TCPIP DestinationIPAddr:11.3.3.6/32 System:CP1E (RouteStatus <> ACTIVE),1+,5
51772,02.59.01 CP1A S0092187  BNROUTACTS0 SEV=CRI TCPIP DestinationIPAddr:11.3.3.8/32 System:CP1A (RouteStatus <> ACTIVE),1+,5
51773,02.59.01 CP1A S0092187  BNROUTACTS0 SEV=CRI TCPIP DestinationIPAddr:11.3.3.17/32 System:CP1E (RouteStatus <> ACTIVE) DestinationIPAddr:11.3.3.2/32 System:CP1E (RouteStatus <> ACTIVE),1+,5
51774,02.59.01 CP1A S0092187  BNROUTACTS0 SEV=CRI TCPIP DestinationIPAddr:11.3.3.4/32 System:CP1C (RouteStatus <> ACTIVE) DestinationIPAddr:11.3.3.8/32 System:CP1C (RouteStatus <> ACTIVE),1+,5
51775,02.59.01 CP1A S0092187  BNROUTACTS0 SEV=CRI TCPIP DestinationIPAddr:11.3.2.4/32 System:CP1E (RouteStatus <> ACTIVE),1+,5
51776,02.59.01 CP1A S0092187  BNROUTACTS0 SEV=CRI TCPIP DestinationIPAddr:11.3.1.4/32 System:CP1C (RouteStatus <> ACTIVE),1+,5
51777,02.59.01 CP1A S0092187  BNROUTACTS0 SEV=CRI TCPIP DestinationIPAddr:11.3.1.2/32 System:CP1C (RouteStatus <> ACTIVE),1+,5
51778,02.59.01 CP1A S0092187  BNROUTACTS0 SEV=CRI TCPIP DestinationIPAddr:11.3.3.8/32 System:CP1C (RouteStatus <> ACTIVE),1+,5
51779,02.59.01 CP1A S0092187  BNROUTACTS0 SEV=CRI TCPIP DestinationIPAddr:11.3.3.6/32 System:CP1A (RouteStatus <> ACTIVE),1+,5
51780,02.59.01 CP1A S0092187  BNROUTACTS0 SEV=CRI TCPIP DestinationIPAddr:11.3.2.4/32 System:CP1C (RouteStatus <> ACTIVE),1+,5
51781,02.59.01 CP1A S0092187  BNROUTACTS0 SEV=CRI TCPIP DestinationIPAddr:11.3.1.2/32 System:CP1E (RouteStatus <> ACTIVE),1+,5
51782,02.59.01 CP1A S0092187  BNROUTACTS0 SEV=CRI TCPIP DestinationIPAddr:11.3.3.4/32 System:CP1C (RouteStatus <> ACTIVE),1+,5
51783,02.59.01 CP1A S0092187  BNROUTACTS0 SEV=CRI TCPIP DestinationIPAddr:11.3.1.4/32 System:CP1E (RouteStatus <> ACTIVE),1+,5
51784,02.59.01 CP1A S0092187  BNROUTACTS0 SEV=CRI TCPIP DestinationIPAddr:11.3.3.17/32 System:CP1C (RouteStatus <> ACTIVE) DestinationIPAddr:11.3.1.3/32 System:CP1C (RouteStatus <> ACTIVE),1+,5
51785,02.59.01 CP1A S0092187  BNROUTACTS0 SEV=CRI TCPIP DestinationIPAddr:11.3.3.2/32 System:CP1A (RouteStatus <> ACTIVE),1+,5
51786,02.59.01 CP1A S0092187  BNROUTACTS0 SEV=CRI TCPIP DestinationIPAddr:11.3.3.8/32 System:CP1C (RouteStatus <> ACTIVE) DestinationIPAddr:11.3.3.6/32 System:CP1C (RouteStatus <> ACTIVE),1+,5
51787,02.59.01 CP1A S0092187  BNROUTACTS0 SEV=CRI TCPIP DestinationIPAddr:11.3.3.6/32 System:CP1C (RouteStatus <> ACTIVE),1+,5
51788,02.59.01 CP1A S0092187  BNROUTACTS0 SEV=CRI TCPIP DestinationIPAddr:11.3.4.113/32 System:CP1A (RouteStatus <> ACTIVE),1+,5
51789,02.59.01 CP1A S0092187  BNROUTACTS0 SEV=CRI TCPIP DestinationIPAddr:11.3.4.34/32 System:CP1A (RouteStatus <> ACTIVE),1+,5
51790,02.59.01 CP1A S0092187  BNROUTACTS0 SEV=CRI TCPIP DestinationIPAddr:11.3.1.3/32 System:CP1C (RouteStatus <> ACTIVE),1+,5
51791,02.59.01 CP1A S0092187  BNROUTACTS0 SEV=CRI TCPIP DestinationIPAddr:11.3.3.17/32 System:CP1A (RouteStatus <> ACTIVE) DestinationIPAddr:11.3.3.4/32 System:CP1A (RouteStatus <> ACTIVE),1+,5
51792,02.59.01 CP1A S0092187  BNROUTACTS0 SEV=CRI TCPIP DestinationIPAddr:11.3.4.114/32 System:CP1A (RouteStatus <> ACTIVE),1+,5
51793,02.59.01 CP1A S0092187  BNROUTACTS0 SEV=CRI TCPIP DestinationIPAddr:11.3.3.2/32 System:CP1C (RouteStatus <> ACTIVE),1+,5
51794,02.59.01 CP1A S0092187  BNROUTACTS0 SEV=CRI TCPIP DestinationIPAddr:11.3.3.17/32 System:CP1C (RouteStatus <> ACTIVE),1+,5
51795,02.59.01 CP1A S0092187  BNROUTACTS0 SEV=CRI TCPIP DestinationIPAddr:11.3.3.2/32 System:CP1A (RouteStatus <> ACTIVE) DestinationIPAddr:11.3.4.97/32 System:CP1A (RouteStatus <> ACTIVE),1+,5
51796,02.59.01 CP1A S0092187  BNROUTACTS0 SEV=CRI TCPIP DestinationIPAddr:11.3.4.115/32 System:CP1A (RouteStatus <> ACTIVE),1+,5
51797,02.59.01 CP1A S0092187  BNROUTACTS0 SEV=CRI TCPIP DestinationIPAddr:11.3.4.33/32 System:CP1A (RouteStatus <> ACTIVE),1+,5
51798,02.59.01 CP1A S0092187  BNROUTACTS0 SEV=CRI TCPIP DestinationIPAddr:11.3.3.2/32 System:CP1A (RouteStatus <> ACTIVE) DestinationIPAddr:11.3.4.81/32 System:CP1A (RouteStatus <> ACTIVE),1+,5
51799,02.59.01 CP1A S0092187  BNROUTACTS0 SEV=CRI TCPIP DestinationIPAddr:11.3.3.4/32 System:CP1A (RouteStatus <> ACTIVE) DestinationIPAddr:11.3.3.17/32 System:CP1A (RouteStatus <> ACTIVE),1+,5
51800,02.59.01 CP1A S0092187  BNROUTACTS0 SEV=CRI TCPIP DestinationIPAddr:11.3.3.4/32 System:CP1A (RouteStatus <> ACTIVE),1+,5
51801,02.59.01 CP1A S0092187  BNROUTACTS0 SEV=CRI TCPIP DestinationIPAddr:11.3.1.4/32 System:CP1A (RouteStatus <> ACTIVE),1+,5
51802,02.59.01 CP1A S0092187  BNROUTACTS0 SEV=CRI TCPIP DestinationIPAddr:11.3.3.17/32 System:CP1A (RouteStatus <> ACTIVE),1+,5
51803,02.59.01 CP1A S0092187  BNROUTACTS0 SEV=CRI TCPIP DestinationIPAddr:11.3.4.81/32 System:CP1A (RouteStatus <> ACTIVE) DestinationIPAddr:11.3.2.4/32 System:CP1A (RouteStatus <> ACTIVE),1+,5
51804,02.59.01 CP1A S0092187  BNROUTACTS0 SEV=CRI TCPIP DestinationIPAddr:11.3.4.81/32 System:CP1A (RouteStatus <> ACTIVE),1+,5
51805,02.59.01 CP1A S0092187  BNROUTACTS0 SEV=CRI TCPIP DestinationIPAddr:11.3.4.35/32 System:CP1A (RouteStatus <> ACTIVE),1+,5
51806,02.59.01 CP1A S0092187  BNROUTACTS0 SEV=CRI TCPIP DestinationIPAddr:11.3.4.97/32 System:CP1A (RouteStatus <> ACTIVE),1+,5
51807,02.59.01 CP1A S0092187  BNROUTACTS0 SEV=CRI TCPIP DestinationIPAddr:11.3.1.2/32 System:CP1A (RouteStatus <> ACTIVE),1+,5
51808,02.59.01 CP1A S0092187  BNROUTACTS0 SEV=CRI TCPIP DestinationIPAddr:11.3.1.1/32 System:CP1A (RouteStatus <> ACTIVE),1+,5
51809,02.59.01 CP1A S0092187  BNROUTACTS0 SEV=CRI TCPIP DestinationIPAddr:11.3.4.113/32 System:CP1A (RouteStatus <> ACTIVE) DestinationIPAddr:11.3.4.35/32 System:CP1A (RouteStatus <> ACTIVE),1+,5
51810,02.58.53 CP1F S0177983  IST1196I APPN CONNECTION FOR BOCHQP.SSCPCP1B INACTIVE - TGN = 21,10+,9
51811,02.58.01 CP1A S0092187  BNROUTACTS0 SEV=CRI TCPIP DestinationIPAddr:11.3.3.17/32 System:CP1E (RouteStatus <> ACTIVE),1+,5
51812,02.58.01 CP1A S0092187  BNROUTACTS0 SEV=CRI TCPIP DestinationIPAddr:11.3.3.8/32 System:CP1E (RouteStatus <> ACTIVE),1+,5
51813,02.58.01 CP1A S0092187  BNROUTACTS0 SEV=CRI TCPIP DestinationIPAddr:11.3.3.4/32 System:CP1E (RouteStatus <> ACTIVE),1+,5
51814,02.58.01 CP1A S0092187  BNROUTACTS0 SEV=CRI TCPIP DestinationIPAddr:11.3.3.17/32 System:CP1E (RouteStatus <> ACTIVE) DestinationIPAddr:11.3.3.8/32 System:CP1E (RouteStatus <> ACTIVE),1+,5
51815,02.58.01 CP1A S0092187  BNROUTACTS0 SEV=CRI TCPIP DestinationIPAddr:11.3.3.6/32 System:CP1E (RouteStatus <> ACTIVE),1+,5
51816,02.58.01 CP1A S0092187  BNROUTACTS0 SEV=CRI TCPIP DestinationIPAddr:11.3.3.2/32 System:CP1C (RouteStatus <> ACTIVE),1+,5
51817,02.58.01 CP1A S0092187  BNROUTACTS0 SEV=CRI TCPIP DestinationIPAddr:11.3.3.6/32 System:CP1C (RouteStatus <> ACTIVE),1+,5
51818,02.58.01 CP1A S0092187  BNROUTACTS0 SEV=CRI TCPIP DestinationIPAddr:11.3.3.8/32 System:CP1C (RouteStatus <> ACTIVE),1+,5
51819,02.58.01 CP1A S0092187  BNROUTACTS0 SEV=CRI TCPIP DestinationIPAddr:11.3.3.2/32 System:CP1E (RouteStatus <> ACTIVE),1+,5
51820,02.58.01 CP1A S0092187  BNROUTACTS0 SEV=CRI TCPIP DestinationIPAddr:11.3.3.4/32 System:CP1C (RouteStatus <> ACTIVE),1+,5
51821,02.58.01 CP1A S0092187  BNROUTACTS0 SEV=CRI TCPIP DestinationIPAddr:11.3.3.17/32 System:CP1C (RouteStatus <> ACTIVE),1+,5
51822,02.58.01 CP1A S0092187  BNROUTACTS0 SEV=CRI TCPIP DestinationIPAddr:11.3.3.8/32 System:CP1C (RouteStatus <> ACTIVE) DestinationIPAddr:11.3.3.17/32 System:CP1C (RouteStatus <> ACTIVE),1+,5
51823,02.58.01 CP1A S0092187  BNROUTACTS0 SEV=CRI TCPIP DestinationIPAddr:11.3.3.17/32 System:CP1C (RouteStatus <> ACTIVE) DestinationIPAddr:11.3.3.8/32 System:CP1C (RouteStatus <> ACTIVE),1+,5
51824,02.58.01 CP1A S0092187  BNROUTACTS0 SEV=CRI TCPIP DestinationIPAddr:11.3.3.17/32 System:CP1A (RouteStatus <> ACTIVE),1+,5
51825,02.58.01 CP1A S0092187  BNROUTACTS0 SEV=CRI TCPIP DestinationIPAddr:11.3.3.6/32 System:CP1A (RouteStatus <> ACTIVE),1+,5
51826,02.58.01 CP1A S0092187  BNROUTACTS0 SEV=CRI TCPIP DestinationIPAddr:11.3.3.8/32 System:CP1A (RouteStatus <> ACTIVE) DestinationIPAddr:11.3.3.17/32 System:CP1A (RouteStatus <> ACTIVE),1+,5
51827,02.58.01 CP1A S0092187  BNROUTACTS0 SEV=CRI TCPIP DestinationIPAddr:11.3.3.2/32 System:CP1A (RouteStatus <> ACTIVE),1+,5
51828,02.58.01 CP1A S0092187  BNROUTACTS0 SEV=CRI TCPIP DestinationIPAddr:11.3.3.17/32 System:CP1A (RouteStatus <> ACTIVE) DestinationIPAddr:11.3.3.8/32 System:CP1A (RouteStatus <> ACTIVE),1+,5
51829,02.58.01 CP1A S0092187  BNROUTACTS0 SEV=CRI TCPIP DestinationIPAddr:11.3.3.8/32 System:CP1A (RouteStatus <> ACTIVE),1+,5
51830,02.58.01 CP1A S0092187  BNROUTACTS0 SEV=CRI TCPIP DestinationIPAddr:11.3.3.4/32 System:CP1A (RouteStatus <> ACTIVE),1+,5
51831,"02.58.00 CP1B S0195832  GEO551I HYPERSWAP DISABLED BY USER IBMSE11 AT 20181209 00:30:27, HyperSwap is disabled (CP1BA)",100+,9
51832,02.58.01 CP1A S0092187  BNROUTACTS0 SEV=CRI TCPIP DestinationIPAddr:11.3.3.8/32 System:CP1E (RouteStatus <> ACTIVE) DestinationIPAddr:11.3.3.17/32 System:CP1E (RouteStatus <> ACTIVE),1+,5
51833,02.57.01 CP1A S0092187  BNROUTACTS0 SEV=CRI TCPIP DestinationIPAddr:11.3.3.17/32 System:CP1A (RouteStatus <> ACTIVE),1+,5
51834,02.57.01 CP1A S0092187  BNROUTACTS0 SEV=CRI TCPIP DestinationIPAddr:11.3.3.17/32 System:CP1A (RouteStatus <> ACTIVE) DestinationIPAddr:11.3.3.17/32 System:CP1A (RouteStatus <> ACTIVE),1+,5
51835,02.57.01 CP1A S0092187  BNROUTACTS0 SEV=CRI TCPIP DestinationIPAddr:11.3.3.17/32 System:CP1C (RouteStatus <> ACTIVE),1+,5
51836,02.57.01 CP1A S0092187  BNROUTACTS0 SEV=CRI TCPIP DestinationIPAddr:11.3.3.17/32 System:CP1E (RouteStatus <> ACTIVE),1+,5
51837,02.57.01 CP1A S0092187  BNROUTACTS0 SEV=CRI TCPIP DestinationIPAddr:11.3.3.17/32 System:CP1B (RouteStatus <> ACTIVE),1+,5
51838,02.56.44 CP1D S0130143  +DFHDB2025I CIP1KA24 The CICS-DB2 attachment has disconnected from DB2 subsystem DP61,10+,9
51839,02.56.35 CP1F S0130264  +DFHDB2025I CIP1FA41                            C 12/09/2018 02:56:35 CIP1FA41 The CICS-DB2 attachment has disconnected from DB2 subsystem DP4C group DP0C,10+,9
51840,02.56.35 CP1F S0130263  +DFHDB2025I CIP1FA42                            C 12/09/2018 02:56:35 CIP1FA42 The CICS-DB2 attachment has disconnected from DB2 subsystem DP4C group DP0C,10+,9
51841,02.56.24 CP1C S0092559  BCTASKCSKLS0 SEV=CRI ALL Tranid: CSKL (Count < 10),10+,9
51842,02.56.20 CP1D S0130259  +DFHDB2025I CIP1FA21                            C 12/09/2018 02:56:20 CIP1FA21 The CICS-DB2 attachment has disconnected from DB2 subsystem DP2C group DP0C,10+,9
51843,02.56.21 CP1D S0130260  +DFHDB2025I CIP1FA22                            C 12/09/2018 02:56:21 CIP1FA22 The CICS-DB2 attachment has disconnected from DB2 subsystem DP2C group DP0C,10+,9
51844,02.56.03 CP1D S0179192  +DFHDB2025I CIP1GA21                            C 12/09/2018 02:56:03 CIP1GA21 The CICS-DB2 attachment has disconnected from DB2 subsystem DP2C group DP0C,10+,9
51845,02.55.52 CP1F S0130271  +DFHDB2025I CIP1FT41                            C 12/09/2018 02:55:52 CIP1FT41 The CICS-DB2 attachment has disconnected from DB2 subsystem DP4C group DP0C,10+,9
51846,02.55.46 CP1F S0130103  +CSQX599E !QP41 CSQXRESP Channel AMLCRR.BANCS.CHL ended abnormally connection 11.4.17.113,10+,9
51847,02.55.46 CP1F S0130103  +CSQX599E !QP41 CSQXRESP Channel EXBS.BANCS.CHL ended abnormally connection 21.123.67.58,10+,9
51848,02.55.46 CP1F S0130103  +CSQX599E !QP41 CSQXRESP Channel GTS.GPG.CHL ended abnormally connection 11.5.18.80,10+,9
51849,02.55.31 CP1D S0178013  +CSQX599E !QWP1 CSQXRESP Channel AMLMAS.SWIFTI.CHL ended abnormally connection 11.4.17.113,1+,9
51850,02.55.31 CP1D S0178013  +CSQX599E !QWP1 CSQXRESP Channel CTIS.SWIFTI.CHL ended abnormally connection 11.4.21.112,1+,9
51851,02.55.31 CP1D S0178013  +CSQX599E !QWP1 CSQXRESP Channel GCS.SWIFTI.CHL ended abnormally connection 21.123.31.119,1+,9
51852,02.55.31 CP1D S0178013  +CSQX599E !QWP1 CSQXRESP Channel GCSCDR.SWIFTI.CHL ended abnormally connection 21.123.31.156,1+,9
51853,02.55.31 CP1D S0178013  +CSQX599E !QWP1 CSQXRESP Channel SWIFTLNK.SWIFTI.CHL ended abnormally connection 21.13.69.121,1+,9
51854,02.55.31 CP1D S0178013  +CSQX599E !QWP1 CSQXRESP Channel MUREX.SWIFTID.CHL ended abnormally connection 21.123.25.57,1+,9
51855,02.55.31 CP1D S0178013  +CSQX599E !QWP1 CSQXRESP Channel GTS.SWIFTI.CHL ended abnormally,1+,9
51856,02.55.31 CP1D S0178013  +CSQX599E !QWP1 CSQXRESP Channel GCMS.SWIFTI.CHL ended abnormally connection 21.123.23.100,1+,9
51857,02.55.31 CP1D S0130102  +CSQX599E !QP21 CSQXRESP Channel GUPP.GPG.CHL ended abnormally connection 21.123.34.80 -  stopping,10+,9
51858,02.55.31 CP1D S0130102  +CSQX599E !QP21 CSQXRESP Channel ALC.BANCS.GRTP.CHL ended abnormally connection 11.4.17.113,10+,9
51859,02.55.31 CP1D S0130102  +CSQX599E !QP21 CSQXRESP Channel GLMS.BANCS.V2.CHL ended abnormally connection 11.4.20.165,10+,9
51860,02.55.31 CP1D S0130102  +CSQX599E !QP21 CSQXRESP Channel QE.BANCS.CHL ended abnormally connection 21.123.36.80,1+,9
51861,02.55.31 CP1D S0178013  +CSQX599E !QWP1 CSQXRESP Channel WBIFNHK.WBIFNBJ.CHL1 ended abnormally,1+,9
51862,02.55.31 CP1D S0178013  +CSQX599E !QWP1 CSQXRESP Channel SAA.WBIFN.CHL ended abnormally connection 21.123.26.72,1+,9
51863,02.55.31 CP1D S0178013  +CSQX599E !QWP1 CSQXRESP Channel GUPP.SWIFTID.CHL ended abnormally connection 21.123.34.80,1+,9
51864,02.55.31 CP1D S0178013  +CSQX599E !QWP1 CSQXRESP Channel CASS.SWIFTI.CHL ended abnormally connection 21.123.65.144,1+,9
51865,02.55.31 CP1D S0178013  +CSQX599E !QWP1 CSQXRESP Channel CTISO.SWIFTI.CHL ended abnormally connection 21.125.38.81,1+,9
51866,02.55.31 CP1D S0178013  +CSQX599E !QWP1 CSQXRCTL Channel WBIFNBJ.WBIFNHK.CHL ended abnormally,10+,9
51867,"02.45.34 CP1C S0092559  BCTAKLIFES1 SEV=CRI CIP1KT11 TSBS(  368) LifeTime: 23900 (ElapsedTime > 18000)        ,CICS交易响应时间>3分钟",10+,9
51868,02.37.22 CP1E S0093149  +CSQX599E !QPS1 CSQXRCTL Channel QR.CHL2.QPS1.TO.QM55 ended abnormally QR.CHL1.QPS1.TO.QM55 ended abnormally,10+,9
51869,02.37.22 CP1E S0093149  +CSQX599E !QPS1 CSQXRCTL Channel QR.CHL2.QPS1.TO.QM55 ended abnormally,10+,9
51870,02.37.22 CP1E S0093149  +CSQX599E !QPS1 CSQXRCTL Channel QR.CHL2.QPS1.TO.QM93 ended abnormally,10+,9
51871,02.37.28 CP1E S0093149  +CSQX599E !QPS1 CSQXRCTL Channel QR.CHN2.QPS1.TO.QM55 ended abnormally,10+,9
51872,02.37.22 CP1E S0093149  +CSQX599E !QPS1 CSQXRCTL Channel QR.CHL1.QPS1.TO.QM55 ended abnormally,10+,9
51873,02.34.37 CP1D S0127290  +CSQX599E !QPS1 CSQXRESP Channel QR.CHN1.QM55.TO.QPS1 ended abnormally connection 11.4.35.146,1+,9
51874,02.34.39 CP1F S0127284  +CSQX599E !QPS2 CSQXRESP Channel QR.CHL1.QM93.TO.QPS2 ended abnormally connection 11.4.35.141,10+,9
51875,02.34.37 CP1D S0127290  +CSQX599E !QPS1 CSQXRESP Channel QR.CHL1.QMDD.TO.QPS1 ended abnormally connection 11.4.35.151,1+,9
51876,02.34.37 CP1D S0127290  +CSQX599E !QPS1 CSQXRESP Channel QR.CHL1.QM93.TO.QPS1 ended abnormally connection 11.4.35.141,1+,9
51877,02.34.37 CP1D S0127290  +CSQX599E !QPS1 CSQXRESP Channel QR.CHN1.QMDD.TO.QPS1 ended abnormally connection 11.4.35.151 -  QR.CHL1.QPS1.TO.QM93 no longer active,1+,9
51878,02.34.39 CP1F S0127284  +CSQX599E !QPS2 CSQXRESP Channel QR.CHL1.QM55.TO.QPS2 ended abnormally connection 11.4.35.146,10+,9
51879,02.33.09 CP1C S0093135  +CSQX599E !QPY1 CSQXRCTL Channel QR.CHN2.QPY1.TO.QM55 ended abnormally,10+,9
51880,02.33.09 CP1C S0093135  +CSQX599E !QPY1 CSQXRCTL Channel QR.CHN1.QPY1.TO.QMDD ended abnormally,10+,9
51881,02.33.09 CP1C S0093135  +CSQX599E !QPY1 CSQXRCTL Channel QR.CHN1.QPY1.TO.QM93 ended abnormally,10+,9
51882,02.33.09 CP1C S0093135  +CSQX599E !QPY1 CSQXRCTL Channel QR.CHN2.QPY1.TO.QM93 ended abnormally QR.CHN1.QPY1.TO.QMDD is active on QPY1,10+,9
51883,02.33.02 CP1C S0093135  +CSQX599E !QPY1 CSQXRCTL Channel QR.CHL1.QPY1.TO.QMDD ended abnormally,1+,9
51884,02.33.02 CP1C S0093135  +CSQX599E !QPY1 CSQXRCTL Channel QR.CHL2.QPY1.TO.QM93 ended abnormally,10+,9
51885,02.33.02 CP1C S0093135  +CSQX599E !QPY1 CSQXRCTL Channel QR.CHL1.QPY1.TO.QM55 ended abnormally,1+,9
51886,02.30.40 CP1C J0093129 *IEF099I JOB P1ZOSDL  WAITING FOR DATA SETS Device 0E76 signaled end of volume to host on Write,10+,0
51887,02.30.24 CP1F S0092108  +CSQX599E !QPY1 CSQXRESP Channel QR.CHN1.QMDD.TO.QPY1 ended abnormally,1+,9
51888,02.30.24 CP1F S0092108  +CSQX599E !QPY1 CSQXRESP Channel QR.CHL1.QMDD.TO.QPY1 ended abnormally,1+,9
51889,02.30.24 CP1F S0092108  +CSQX599E !QPY1 CSQXRESP Channel QR.CHN1.QM55.TO.QPY1 ended abnormally,1+,9
51890,02.30.24 CP1F S0092108  +CSQX599E !QPY1 CSQXRESP Channel QR.CHL1.QM55.TO.QPY1 ended abnormally,1+,9
51891,02.30.21 CP1D S0092109  +CSQX599E !QPY2 CSQXRESP Channel QR.CHL1.QM93.TO.QPY2 ended abnormally,10+,9
51892,02.30.21 CP1D S0092109  +CSQX599E !QPY2 CSQXRESP Channel QR.CHL1.QM55.TO.QPY2 ended abnormally,10+,9
51893,"02.21.52 CP2C           IOS080I 4BC7,B4,C4041376, I/O TIMEOUT INTERVAL HAS BEEN EXCEEDED FOR AN ACTIVE REQUEST. DATASET NAME=PRDC64R.LVEQ.ET.ETQD2041.A3706",1+,4
51894,带库相关问题，请通知系统管理一和生产运行值班人员 02.19.17 CP1E S0093084 *3092 IEF238D SA390IPL - REPLY DEVICE NAME OR * 'CANCEL'.,10+,9
51895,带库相关问题，请通知系统管理一和生产运行值班人员 02.19.17 CP1E S0093084 *3092 IEF238D SA390IPL - REPLY DEVICE NAME OR |  'CANCEL'.,10+,9
51896,"02.18.48 CP1C S0092559  BCCONNECTS0 SEV=CRI CIP1KT31 CID: RH31 NET: LSCS00H0 STAT: RELEASED        ,CICS连接中断",10+,9
51897,02.18.48 CP1C S0092559  BZASLDPSVS0 SEV=CRI CP1E Jobname: LDPSRV (Status <> ACTIVE),10+,9
51898,02.18.44 CP1C S0092559  BCEMVSLMTS0 SEV=WAR CIP1KA33 Target: CIP1KA33 EMVS% = 85.94 (%EMVSUsed > 85),10+,9
51899,02.18.44 CP1C S0092559  BCEMVSLMTS0 SEV=WAR CIP1KA35 Target: CIP1KA35 EMVS% = 85.93 (%EMVSUsed > 85),10+,9
51900,02.18.44 CP1C S0092559  BCEMVSLMTS0 SEV=WAR CIP1KA32 Target: CIP1KA32 EMVS% = 85.94 (%EMVSUsed > 85),10+,9
51901,02.18.44 CP1C S0092559  BCEMVSLMTS0 SEV=WAR CIP1KA38 Target: CIP1KA38 EMVS% = 85.94 (%EMVSUsed > 85),10+,9
51902,02.18.44 CP1C S0092559  BCEMVSLMTS0 SEV=WAR CIP1KA34 Target: CIP1KA34 EMVS% = 85.93 (%EMVSUsed > 85),10+,9
51903,02.18.44 CP1C S0092559  BCEMVSLMTS0 SEV=WAR CIP1KA36 Target: CIP1KA36 EMVS% = 85.94 (%EMVSUsed > 85),10+,9
51904,02.18.44 CP1C S0092559  BCEMVSLMTS0 SEV=WAR CIP1KA31 Target: CIP1KA31 EMVS% = 85.94 (%EMVSUsed > 85) EMVS% = 85.93 (%EMVSUsed > 85),10+,9
51905,"02.16.49 CP1C S0092559  BCCONNECTS0 SEV=CRI CIP1AT31 CID: TH31 NET: LSCS00H0 STAT: RELEASED        ,CICS连接中断",10+,9
51906,02.15.06 CP1E S0093003  BQBGTOPICS0 SEV=CRI ALL SubscriptionName: BANCS.GLMS.SYSMODE.SUB (Subs NAMECnt < 4),10+,9
51907,02.15.04 CP1E S0093003  BQBDTOPICS0 SEV=CRI ALL Subs Name: BANCS/DNF Subs Cnt: 6 (Subs NAMECnt < 8),10+,9
51908,02.15.03 CP1E S0093003  BQBSTOPICS0 SEV=CRI ALL Topic String: BANCS/SYSMODE (Topic StringCnt < 4),10+,9
51909,02.15.00 CP1D J0093047 *IEF099I JOB RMFRPTD3 WAITING FOR DATA SETS,1+,0
51910,02.15.06 CP3A J0184841 *IEF099I JOB RMFRPTD3 WAITING FOR DATA SETS,1+,0
51911,02.11.17 CP1D S0178013  +CSQX599E !QWP1 CSQXRCTL Channel QWP1.TO.QWP2 ended abnormally,1+,9
51912,02.04.29 CP1A S0092187  BNROUTACTS0 SEV=CRI TCPIP DestinationIPAddr:11.3.1.2/32 System:CP1B (RouteStatus <> ACTIVE),1+,5
51913,02.04.29 CP1A S0092187  BNROUTACTS0 SEV=CRI TCPIP DestinationIPAddr:11.3.1.5/32 System:CP1F (RouteStatus <> ACTIVE) DestinationIPAddr:11.3.1.6/32 System:CP1F (RouteStatus <> ACTIVE),1+,5
51914,02.04.29 CP1A S0092187  BNROUTACTS0 SEV=CRI TCPIP DestinationIPAddr:11.3.2.5/32 System:CP1B (RouteStatus <> ACTIVE),1+,5
51915,02.04.29 CP1A S0092187  BNROUTACTS0 SEV=CRI TCPIP DestinationIPAddr:11.3.1.5/32 System:CP1B (RouteStatus <> ACTIVE),1+,5
51916,02.04.29 CP1A S0092187  BNROUTACTS0 SEV=CRI TCPIP DestinationIPAddr:11.3.2.5/32 System:CP1F (RouteStatus <> ACTIVE),1+,5
51917,02.04.29 CP1A S0092187  BNROUTACTS0 SEV=CRI TCPIP DestinationIPAddr:11.3.1.3/32 System:CP1C (RouteStatus <> ACTIVE),1+,5
51918,02.04.29 CP1A S0092187  BNROUTACTS0 SEV=CRI TCPIP DestinationIPAddr:11.3.2.5/32 System:CP1C (RouteStatus <> ACTIVE),1+,5
51919,02.04.29 CP1A S0092187  BNROUTACTS0 SEV=CRI TCPIP DestinationIPAddr:11.3.2.5/32 System:CP1D (RouteStatus <> ACTIVE),1+,5
51920,02.04.29 CP1A S0092187  BNROUTACTS0 SEV=CRI TCPIP DestinationIPAddr:11.3.1.5/32 System:CP1D (RouteStatus <> ACTIVE),1+,5
51921,02.04.29 CP1A S0092187  BNROUTACTS0 SEV=CRI TCPIP DestinationIPAddr:11.3.1.5/32 System:CP1C (RouteStatus <> ACTIVE),1+,5
51922,02.04.29 CP1A S0092187  BNROUTACTS0 SEV=CRI TCPIP DestinationIPAddr:11.3.2.5/32 System:CP1D (RouteStatus <> ACTIVE) DestinationIPAddr:11.3.1.4/32 System:CP1D (RouteStatus <> ACTIVE),1+,5
51923,02.04.29 CP1A S0092187  BNROUTACTS0 SEV=CRI TCPIP DestinationIPAddr:11.3.1.1/32 System:CP1A (RouteStatus <> ACTIVE),1+,5
51924,02.04.29 CP1A S0092187  BNROUTACTS0 SEV=CRI TCPIP DestinationIPAddr:11.3.1.5/32 System:CP1A (RouteStatus <> ACTIVE),1+,5
51925,02.04.29 CP1A S0092187  BNROUTACTS0 SEV=CRI TCPIP DestinationIPAddr:11.3.2.5/32 System:CP1A (RouteStatus <> ACTIVE),1+,5
51926,02.04.27 CP1A S0092187  BNEEPUACTS0 SEV=CRI TCPIP PUName:EEC1BC1E System:CP1B Remote IP:11.3.2.5         (State <> ACTIVE) (Persisting),1+,4
51927,02.04.27 CP1A S0092187  BNEEPUACTS0 SEV=CRI TCPIP PUName:VN000028 System:CP1D Remote IP:11.3.2.5         (State <> ACTIVE) (Persisting),1+,4
51928,02.04.27 CP1A S0092187  BNEEPUACTS0 SEV=CRI TCPIP PUName:VN00034D System:CP1C Remote IP:11.3.2.5         (State <> ACTIVE) (Persisting),1+,4
51929,02.04.27 CP1A S0092187  BNEEPUACTS0 SEV=CRI TCPIP PUName:EEC1AC1E System:CP1A Remote IP:11.3.2.5         (State <> ACTIVE) (Persisting),1+,4
51930,02.04.27 CP1A S0092187  BNEEPUACTS0 SEV=CRI TCPIP PUName:VN00002F System:CP1F Remote IP:11.3.2.5         (State <> ACTIVE) (Persisting),1+,4
51931,02.03.29 CP1A S0092187  BNROUTACTS0 SEV=CRI TCPIP DestinationIPAddr:11.3.1.5/32 System:CP1D (RouteStatus <> ACTIVE),1+,5
51932,02.03.29 CP1A S0092187  BNROUTACTS0 SEV=CRI TCPIP DestinationIPAddr:11.3.2.5/32 System:CP1D (RouteStatus <> ACTIVE),1+,5
51933,02.03.29 CP1A S0092187  BNROUTACTS0 SEV=CRI TCPIP DestinationIPAddr:11.3.2.5/32 System:CP1B (RouteStatus <> ACTIVE),1+,5
51934,02.03.29 CP1A S0092187  BNROUTACTS0 SEV=CRI TCPIP DestinationIPAddr:11.3.2.5/32 System:CP1A (RouteStatus <> ACTIVE),1+,5
51935,02.03.29 CP1A S0092187  BNROUTACTS0 SEV=CRI TCPIP DestinationIPAddr:11.3.1.5/32 System:CP1A (RouteStatus <> ACTIVE),1+,5
51936,02.03.29 CP1A S0092187  BNROUTACTS0 SEV=CRI TCPIP DestinationIPAddr:11.3.1.1/32 System:CP1A (RouteStatus <> ACTIVE),1+,5
51937,02.03.29 CP1A S0092187  BNROUTACTS0 SEV=CRI TCPIP DestinationIPAddr:11.3.1.5/32 System:CP1F (RouteStatus <> ACTIVE) DestinationIPAddr:11.3.1.6/32 System:CP1F (RouteStatus <> ACTIVE),1+,5
51938,02.03.29 CP1A S0092187  BNROUTACTS0 SEV=CRI TCPIP DestinationIPAddr:11.3.1.5/32 System:CP1C (RouteStatus <> ACTIVE),1+,5
51939,02.03.29 CP1A S0092187  BNROUTACTS0 SEV=CRI TCPIP DestinationIPAddr:11.3.1.5/32 System:CP1B (RouteStatus <> ACTIVE),1+,5
51940,02.03.29 CP1A S0092187  BNROUTACTS0 SEV=CRI TCPIP DestinationIPAddr:11.3.2.5/32 System:CP1F (RouteStatus <> ACTIVE),1+,5
51941,02.03.29 CP1A S0092187  BNROUTACTS0 SEV=CRI TCPIP DestinationIPAddr:11.3.2.5/32 System:CP1C (RouteStatus <> ACTIVE),1+,5
51942,02.03.29 CP1A S0092187  BNROUTACTS0 SEV=CRI TCPIP DestinationIPAddr:11.3.1.3/32 System:CP1C (RouteStatus <> ACTIVE),1+,5
51943,02.03.29 CP1A S0092187  BNROUTACTS0 SEV=CRI TCPIP DestinationIPAddr:11.3.2.5/32 System:CP1D (RouteStatus <> ACTIVE) DestinationIPAddr:11.3.1.4/32 System:CP1D (RouteStatus <> ACTIVE),1+,5
51944,02.03.29 CP1A S0092187  BNROUTACTS0 SEV=CRI TCPIP DestinationIPAddr:11.3.1.2/32 System:CP1B (RouteStatus <> ACTIVE),1+,5
51945,02.03.28 CP1A S0092187  BNEEPUACTS0 SEV=CRI TCPIP PUName:EEC1AC1E System:CP1A Remote IP:11.3.2.5         (State <> ACTIVE),1+,4
51946,02.03.28 CP1A S0092187  BNEEPUACTS0 SEV=CRI TCPIP PUName:VN000028 System:CP1D Remote IP:11.3.2.5         (State <> ACTIVE),1+,4
51947,02.03.28 CP1A S0092187  BNEEPUACTS0 SEV=CRI TCPIP PUName:VN00034D System:CP1C Remote IP:11.3.2.5         (State <> ACTIVE),1+,4
51948,02.03.28 CP1A S0092187  BNEEPUACTS0 SEV=CRI TCPIP PUName:VN00002F System:CP1F Remote IP:11.3.2.5         (State <> ACTIVE) (Persisting),1+,4
51949,02.03.28 CP1A S0092187  BNEEPUACTS0 SEV=CRI TCPIP PUName:EEC1BC1E System:CP1B Remote IP:11.3.2.5         (State <> ACTIVE) (Persisting),1+,4
51950,03.48.31 J0097989 *IEF099I JOB G01SCR10 WAITING FOR DATA SETS Device 0E56 signaled end of volume to host on Write Tapemark,10+,0
51951,"03.38.57 S0093434  +CSQX209E !QWP1 CSQXRESP Connection unexpectedly terminated, connection 11.3.2.5 -  (queue manager QWP0) -  TRPTYPE=TCP RC=00000000",1+,9
51952,"03.38.57 S0093434  +CSQX209E !QWP1 CSQXRESP Connection unexpectedly terminated, channel SWIFTI.QWP0 -  connection 11.3.2.5 -  (queue manager QWP0) -  TRPTYPE=TCP RC=00000000 -  active",1+,9
51953,"03.38.57 S0093434  +CSQX209E !QWP1 CSQXRESP Connection unexpectedly terminated, channel SWIFTI.QWP0 -  connection 11.3.2.5 -  (queue manager QWP0) -  TRPTYPE=TCP RC=00000000",1+,9
51954,"03.38.57 S0093045  +CSQX209E !QWP2 CSQXRESP Connection unexpectedly terminated, channel SWIFTI.QWP0 -  connection 11.3.2.5 -  (queue manager QWP0) -  TRPTYPE=TCP RC=00000000",1+,9
51955,"03.38.57 S0093434  +CSQX209E !QWP1 CSQXRESP Connection unexpectedly terminated, connection 11.3.2.4 -  (queue manager QWP0) -  TRPTYPE=TCP RC=00000000",1+,9
51956,"03.38.57 S0093434  +CSQX209E !QWP1 CSQXRESP Connection unexpectedly terminated, channel SWIFTI.QWP0 -  connection 11.3.2.4 -  (queue manager QWP0) -  TRPTYPE=TCP RC=00000000 -  active",1+,9
51957,"03.38.57 S0093434  +CSQX209E !QWP1 CSQXRESP Connection unexpectedly terminated, channel SWIFTI.QWP0 -  connection 11.3.2.4 -  (queue manager QWP0) -  TRPTYPE=TCP RC=00000000",1+,9
51958,"03.38.57 S0093434  +CSQX209E !QWP1 CSQXRESP Connection unexpectedly terminated, channel SWIFTI.QWP0 -  connection 11.3.2.5 -  TRPTYPE=TCP RC=00000000",1+,9
51959,"03.37.16 S0093566  +CSQX209E !MQ4A CSQXRESP Connection unexpectedly terminated, channel PRM.MER.ISTCONN -  connection 21.123.56.79 -  (queue manager MQGA) -  TRPTYPE=TCP RC=00000000 -  GEN NOT SUPPORTED",10+,9
51960,"03.37.16 S0093436  +CSQX209E !MQ2A CSQXRESP Connection unexpectedly terminated, channel PRM.CRE.SVRCONN -  connection 21.123.56.79 -  (queue manager MQGA) -  TRPTYPE=TCP RC=00000000",10+,9
51961,"03.33.09 S0092559  BCTAKLIFES1 SEV=CRI CIP1KT11 TSBS(  579) LifeTime: 21245 (ElapsedTime > 18000)        ,CICS交易响应时间>3分钟",10+,9
51962,"03.33.02 S0093304  GEO551I HYPERSWAP DISABLED BY USER IBMSE11 AT 20181209 00:30:27, HyperSwap is disabled (CP1BA)",100+,9
51963,03.31.19 S0092182  GEO171W CONTROLLING SYSTEM(S) NOT FOUND ( CPKB ) (CP1AA),100+,9
51964,03.29.44 S0092187  BNROUTACTS0 SEV=CRI TCPIP DestinationIPAddr:11.3.1.2/32 System:CP1B (RouteStatus <> ACTIVE),1+,5
51965,03.29.44 S0092187  BNROUTACTS0 SEV=CRI TCPIP DestinationIPAddr:11.3.1.8/32 System:CP1F (RouteStatus <> ACTIVE),1+,5
51966,03.29.44 S0092187  BNROUTACTS0 SEV=CRI TCPIP DestinationIPAddr:11.3.1.8/32 System:CP1B (RouteStatus <> ACTIVE),1+,5
51967,03.29.44 S0092187  BNROUTACTS0 SEV=CRI TCPIP DestinationIPAddr:11.3.1.5/32 System:CP1E (RouteStatus <> ACTIVE) DestinationIPAddr:11.3.1.8/32 System:CP1E (RouteStatus <> ACTIVE),1+,5
51968,03.29.44 S0092187  BNROUTACTS0 SEV=CRI TCPIP DestinationIPAddr:11.3.1.8/32 System:CP1D (RouteStatus <> ACTIVE),1+,5
51969,03.29.44 S0092187  BNROUTACTS0 SEV=CRI TCPIP DestinationIPAddr:11.3.1.4/32 System:CP1D (RouteStatus <> ACTIVE),1+,5
51970,03.29.44 S0092187  BNROUTACTS0 SEV=CRI TCPIP DestinationIPAddr:11.3.1.6/32 System:CP1F (RouteStatus <> ACTIVE),1+,5
51971,03.29.44 S0092187  BNROUTACTS0 SEV=CRI TCPIP DestinationIPAddr:11.3.1.8/32 System:CP1C (RouteStatus <> ACTIVE),1+,5
51972,03.29.44 S0092187  BNROUTACTS0 SEV=CRI TCPIP DestinationIPAddr:11.3.1.3/32 System:CP1C (RouteStatus <> ACTIVE),1+,5
51973,03.29.44 S0092187  BNROUTACTS0 SEV=CRI TCPIP DestinationIPAddr:11.3.1.8/32 System:CP1A (RouteStatus <> ACTIVE),1+,5
51974,03.29.44 S0092187  BNROUTACTS0 SEV=CRI TCPIP DestinationIPAddr:11.3.1.1/32 System:CP1A (RouteStatus <> ACTIVE),1+,5
51975,03.28.44 S0092187  BNROUTACTS0 SEV=CRI TCPIP DestinationIPAddr:11.3.1.8/32 System:CP1E (RouteStatus <> ACTIVE),1+,5
51976,03.28.44 S0092187  BNROUTACTS0 SEV=CRI TCPIP DestinationIPAddr:11.3.1.8/32 System:CP1D (RouteStatus <> ACTIVE),1+,5
51977,03.28.44 S0092187  BNROUTACTS0 SEV=CRI TCPIP DestinationIPAddr:11.3.1.5/32 System:CP1E (RouteStatus <> ACTIVE),1+,5
51978,03.28.44 S0092187  BNROUTACTS0 SEV=CRI TCPIP DestinationIPAddr:11.3.1.2/32 System:CP1B (RouteStatus <> ACTIVE) DestinationIPAddr:11.3.1.8/32 System:CP1E (RouteStatus <> ACTIVE),1+,5
51979,03.28.44 S0092187  BNROUTACTS0 SEV=CRI TCPIP DestinationIPAddr:11.3.1.4/32 System:CP1D (RouteStatus <> ACTIVE),1+,5
51980,03.28.44 S0092187  BNROUTACTS0 SEV=CRI TCPIP DestinationIPAddr:11.3.1.2/32 System:CP1B (RouteStatus <> ACTIVE),1+,5
51981,03.28.44 S0092187  BNROUTACTS0 SEV=CRI TCPIP DestinationIPAddr:11.3.1.8/32 System:CP1A (RouteStatus <> ACTIVE),1+,5
51982,03.28.44 S0092187  BNROUTACTS0 SEV=CRI TCPIP DestinationIPAddr:11.3.1.8/32 System:CP1F (RouteStatus <> ACTIVE),1+,5
51983,03.28.44 S0092187  BNROUTACTS0 SEV=CRI TCPIP DestinationIPAddr:11.3.1.3/32 System:CP1C (RouteStatus <> ACTIVE),1+,5
51984,03.28.44 S0092187  BNROUTACTS0 SEV=CRI TCPIP DestinationIPAddr:11.3.1.8/32 System:CP1B (RouteStatus <> ACTIVE),1+,5
51985,03.28.44 S0092187  BNROUTACTS0 SEV=CRI TCPIP DestinationIPAddr:11.3.1.8/32 System:CP1C (RouteStatus <> ACTIVE),1+,5
51986,03.28.44 S0092187  BNROUTACTS0 SEV=CRI TCPIP DestinationIPAddr:11.3.1.1/32 System:CP1A (RouteStatus <> ACTIVE),1+,5
51987,03.28.44 S0092187  BNROUTACTS0 SEV=CRI TCPIP DestinationIPAddr:11.3.1.6/32 System:CP1F (RouteStatus <> ACTIVE),1+,5
51988,03.27.45 S0092187  BNROUTACTS0 SEV=CRI TCPIP DestinationIPAddr:11.3.1.8/32 System:CP1D (RouteStatus <> ACTIVE),1+,5
51989,03.27.45 S0092187  BNROUTACTS0 SEV=CRI TCPIP DestinationIPAddr:11.3.1.2/32 System:CP1B (RouteStatus <> ACTIVE),1+,5
51990,03.27.45 S0092187  BNROUTACTS0 SEV=CRI TCPIP DestinationIPAddr:11.3.1.3/32 System:CP1C (RouteStatus <> ACTIVE),1+,5
51991,03.27.45 S0092187  BNROUTACTS0 SEV=CRI TCPIP DestinationIPAddr:11.3.1.8/32 System:CP1B (RouteStatus <> ACTIVE),1+,5
51992,03.27.45 S0092187  BNROUTACTS0 SEV=CRI TCPIP DestinationIPAddr:11.3.1.8/32 System:CP1C (RouteStatus <> ACTIVE),1+,5
51993,03.27.45 S0092187  BNROUTACTS0 SEV=CRI TCPIP DestinationIPAddr:11.3.1.5/32 System:CP1E (RouteStatus <> ACTIVE),1+,5
51994,03.27.45 S0092187  BNROUTACTS0 SEV=CRI TCPIP DestinationIPAddr:11.3.1.8/32 System:CP1F (RouteStatus <> ACTIVE),1+,5
51995,03.27.45 S0092187  BNROUTACTS0 SEV=CRI TCPIP DestinationIPAddr:11.3.1.4/32 System:CP1D (RouteStatus <> ACTIVE),1+,5
51996,03.27.45 S0092187  BNROUTACTS0 SEV=CRI TCPIP DestinationIPAddr:11.3.1.6/32 System:CP1F (RouteStatus <> ACTIVE),1+,5
51997,03.27.45 S0092187  BNROUTACTS0 SEV=CRI TCPIP DestinationIPAddr:11.3.1.8/32 System:CP1E (RouteStatus <> ACTIVE),1+,5
51998,03.27.45 S0092187  BNROUTACTS0 SEV=CRI TCPIP DestinationIPAddr:11.3.1.1/32 System:CP1A (RouteStatus <> ACTIVE),1+,5
51999,03.27.10 J0093758 *IEF099I JOB SA060000 WAITING FOR DATA SETS,1+,0
52000,03.26.45 S0092187  BNROUTACTS0 SEV=CRI TCPIP DestinationIPAddr:11.3.1.1/32 System:CP1A (RouteStatus <> ACTIVE),1+,5
52001,03.26.45 S0092187  BNROUTACTS0 SEV=CRI TCPIP DestinationIPAddr:11.3.1.8/32 System:CP1D (RouteStatus <> ACTIVE),1+,5
52002,03.26.45 S0092187  BNROUTACTS0 SEV=CRI TCPIP DestinationIPAddr:11.3.1.4/32 System:CP1D (RouteStatus <> ACTIVE),1+,5
52003,03.26.45 S0092187  BNROUTACTS0 SEV=CRI TCPIP DestinationIPAddr:11.3.1.5/32 System:CP1E (RouteStatus <> ACTIVE),1+,5
52004,03.26.45 S0092187  BNROUTACTS0 SEV=CRI TCPIP DestinationIPAddr:11.3.1.8/32 System:CP1E (RouteStatus <> ACTIVE),1+,5
52005,03.26.45 S0092187  BNROUTACTS0 SEV=CRI TCPIP DestinationIPAddr:11.3.1.6/32 System:CP1F (RouteStatus <> ACTIVE),1+,5
52006,03.26.45 S0092187  BNROUTACTS0 SEV=CRI TCPIP DestinationIPAddr:11.3.1.3/32 System:CP1C (RouteStatus <> ACTIVE),1+,5
52007,03.26.45 S0092187  BNROUTACTS0 SEV=CRI TCPIP DestinationIPAddr:11.3.1.8/32 System:CP1C (RouteStatus <> ACTIVE),1+,5
52008,03.26.45 S0092187  BNROUTACTS0 SEV=CRI TCPIP DestinationIPAddr:11.3.1.8/32 System:CP1F (RouteStatus <> ACTIVE) DestinationIPAddr:11.3.1.8/32 System:CP1B (RouteStatus <> ACTIVE),1+,5
52009,03.26.45 S0092187  BNROUTACTS0 SEV=CRI TCPIP DestinationIPAddr:11.3.1.2/32 System:CP1B (RouteStatus <> ACTIVE),1+,5
52010,03.24.28 S0093003  BQCARQDEPS0 SEV=CRI MQ3A NamedQueue: PRM.MER.PIPGETQ CURRENT DEPTH: 5602 (CurrentDepth >= 5000),10+,9
52011,03.21.11 S0093627  +CSQX599E !QPS2 CSQXRCTL Channel QR.CHL1.QPS2.TO.QM93 ended abnormally,10+,9
52012,03.21.03 S0093628  +CSQX599E !QPS1 CSQXRCTL Channel QR.CHN1.QPS1.TO.QM93 ended abnormally,10+,9
52013,03.21.03 S0093628  +CSQX599E !QPS1 CSQXRCTL Channel QR.CHN2.QPS1.TO.QM93 ended abnormally,10+,9
52014,03.21.03 S0093628  +CSQX599E !QPS1 CSQXRCTL Channel QR.CHN1.QPS1.TO.QM55 ended abnormally,10+,9
52015,03.21.03 S0093628  +CSQX599E !QPS1 CSQXRCTL Channel QR.CHN1.QPS1.TO.QMDD ended abnormally,10+,9
52016,03.20.58 S0093628  +CSQX599E !QPS1 CSQXRCTL Channel QR.CHL2.QPS1.TO.QMDD ended abnormally,10+,9
52017,03.19.49 S0092187  BNROUTACTS0 SEV=CRI TCPIP DestinationIPAddr:11.3.2.7/32 System:CP1B (RouteStatus <> ACTIVE),1+,5
52018,03.19.49 S0092187  BNROUTACTS0 SEV=CRI TCPIP DestinationIPAddr:11.3.2.7/32 System:CP1E (RouteStatus <> ACTIVE) DestinationIPAddr:11.3.1.7/32 System:CP1E (RouteStatus <> ACTIVE),1+,5
52019,03.19.49 S0092187  BNROUTACTS0 SEV=CRI TCPIP DestinationIPAddr:11.3.1.7/32 System:CP1F (RouteStatus <> ACTIVE),1+,5
52020,03.19.49 S0092187  BNROUTACTS0 SEV=CRI TCPIP DestinationIPAddr:11.3.2.7/32 System:CP1F (RouteStatus <> ACTIVE),1+,5
52021,03.19.49 S0092187  BNROUTACTS0 SEV=CRI TCPIP DestinationIPAddr:11.3.1.6/32 System:CP1F (RouteStatus <> ACTIVE),1+,5
52022,03.19.49 S0092187  BNROUTACTS0 SEV=CRI TCPIP DestinationIPAddr:11.3.1.2/32 System:CP1B (RouteStatus <> ACTIVE),1+,5
52023,03.19.49 S0092187  BNROUTACTS0 SEV=CRI TCPIP DestinationIPAddr:11.3.2.7/32 System:CP1E (RouteStatus <> ACTIVE),1+,5
52024,03.19.49 S0092187  BNROUTACTS0 SEV=CRI TCPIP DestinationIPAddr:11.3.1.7/32 System:CP1B (RouteStatus <> ACTIVE),1+,5
52025,03.19.49 S0092187  BNROUTACTS0 SEV=CRI TCPIP DestinationIPAddr:11.3.1.7/32 System:CP1D (RouteStatus <> ACTIVE) DestinationIPAddr:11.3.1.3/32 System:CP1C (RouteStatus <> ACTIVE),1+,5
52026,03.19.49 S0092187  BNROUTACTS0 SEV=CRI TCPIP DestinationIPAddr:11.3.2.7/32 System:CP1C (RouteStatus <> ACTIVE),1+,5
52027,03.19.49 S0092187  BNROUTACTS0 SEV=CRI TCPIP DestinationIPAddr:11.3.2.7/32 System:CP1A (RouteStatus <> ACTIVE),1+,5
52028,03.19.49 S0092187  BNROUTACTS0 SEV=CRI TCPIP DestinationIPAddr:11.3.1.7/32 System:CP1A (RouteStatus <> ACTIVE),1+,5
52029,03.19.49 S0092187  BNROUTACTS0 SEV=CRI TCPIP DestinationIPAddr:11.3.2.7/32 System:CP1A (RouteStatus <> ACTIVE) DestinationIPAddr:11.3.1.1/32 System:CP1A (RouteStatus <> ACTIVE),1+,5
52030,03.19.49 S0092187  BNROUTACTS0 SEV=CRI TCPIP DestinationIPAddr:11.3.1.4/32 System:CP1D (RouteStatus <> ACTIVE),1+,5
52031,03.19.49 S0092187  BNROUTACTS0 SEV=CRI TCPIP DestinationIPAddr:11.3.1.7/32 System:CP1C (RouteStatus <> ACTIVE),1+,5
52032,03.19.49 S0092187  BNROUTACTS0 SEV=CRI TCPIP DestinationIPAddr:11.3.2.7/32 System:CP1D (RouteStatus <> ACTIVE),1+,5
52033,03.19.49 S0092187  BNROUTACTS0 SEV=CRI TCPIP DestinationIPAddr:11.3.1.5/32 System:CP1E (RouteStatus <> ACTIVE),1+,5
52034,03.19.31 S0093003  BQCARQDEPS0 SEV=WAR MQ4A NamedQueue: PRM.MER.PIPGETQ CURRENT DEPTH: 4646 (CurrentDepth >= 2000),10+,9
52035,03.19.31 S0093003  BQCARQDEPS0 SEV=CRI MQ4A NamedQueue: PRM.CRE.PIPINQ CURRENT DEPTH: 10972 (CurrentDepth >= 5000),10+,9
52036,03.18.54 S0093148  +CSQX599E !QPS2 CSQXRESP Channel QR.CHL1.QM93.TO.QPS2 ended abnormally connection 11.4.35.141,10+,9
52037,03.18.54 S0093148  +CSQX599E !QPS2 CSQXRESP Channel QR.CHL1.QM55.TO.QPS2 ended abnormally connection 11.4.35.146,10+,9
52038,03.18.50 S0092187  BNROUTACTS0 SEV=CRI TCPIP DestinationIPAddr:11.3.1.2/32 System:CP1B (RouteStatus <> ACTIVE),1+,5
52039,03.18.50 S0092187  BNROUTACTS0 SEV=CRI TCPIP DestinationIPAddr:11.3.2.7/32 System:CP1F (RouteStatus <> ACTIVE),1+,5
52040,03.18.50 S0092187  BNROUTACTS0 SEV=CRI TCPIP DestinationIPAddr:11.3.1.7/32 System:CP1F (RouteStatus <> ACTIVE),1+,5
52041,03.18.50 S0092187  BNROUTACTS0 SEV=CRI TCPIP DestinationIPAddr:11.3.1.7/32 System:CP1E (RouteStatus <> ACTIVE),1+,5
52042,03.18.50 S0092187  BNROUTACTS0 SEV=CRI TCPIP DestinationIPAddr:11.3.1.6/32 System:CP1F (RouteStatus <> ACTIVE),1+,5
52043,03.18.50 S0092187  BNROUTACTS0 SEV=CRI TCPIP DestinationIPAddr:11.3.2.7/32 System:CP1B (RouteStatus <> ACTIVE),1+,5
52044,03.18.50 S0092187  BNROUTACTS0 SEV=CRI TCPIP DestinationIPAddr:11.3.1.7/32 System:CP1B (RouteStatus <> ACTIVE),1+,5
52045,03.18.50 S0092187  BNROUTACTS0 SEV=CRI TCPIP DestinationIPAddr:11.3.2.7/32 System:CP1E (RouteStatus <> ACTIVE),1+,5
52046,03.18.50 S0092187  BNROUTACTS0 SEV=CRI TCPIP DestinationIPAddr:11.3.1.7/32 System:CP1C (RouteStatus <> ACTIVE) DestinationIPAddr:11.3.1.5/32 System:CP1E (RouteStatus <> ACTIVE),1+,5
52047,03.18.50 S0092187  BNROUTACTS0 SEV=CRI TCPIP DestinationIPAddr:11.3.1.7/32 System:CP1D (RouteStatus <> ACTIVE),1+,5
52048,03.18.50 S0092187  BNROUTACTS0 SEV=CRI TCPIP DestinationIPAddr:11.3.2.7/32 System:CP1D (RouteStatus <> ACTIVE),1+,5
52049,03.18.50 S0092187  BNROUTACTS0 SEV=CRI TCPIP DestinationIPAddr:11.3.2.7/32 System:CP1C (RouteStatus <> ACTIVE),1+,5
52050,03.18.50 S0092187  BNROUTACTS0 SEV=CRI TCPIP DestinationIPAddr:11.3.1.7/32 System:CP1A (RouteStatus <> ACTIVE),1+,5
52051,03.18.50 S0092187  BNROUTACTS0 SEV=CRI TCPIP DestinationIPAddr:11.3.2.7/32 System:CP1A (RouteStatus <> ACTIVE),1+,5
52052,03.18.50 S0092187  BNROUTACTS0 SEV=CRI TCPIP DestinationIPAddr:11.3.1.3/32 System:CP1C (RouteStatus <> ACTIVE),1+,5
52053,03.18.50 S0092187  BNROUTACTS0 SEV=CRI TCPIP DestinationIPAddr:11.3.1.1/32 System:CP1A (RouteStatus <> ACTIVE),1+,5
52054,03.18.50 S0092187  BNROUTACTS0 SEV=CRI TCPIP DestinationIPAddr:11.3.2.7/32 System:CP1D (RouteStatus <> ACTIVE) DestinationIPAddr:11.3.1.4/32 System:CP1D (RouteStatus <> ACTIVE),1+,5
52055,03.18.45 S0093149  +CSQX599E !QPS1 CSQXRESP Channel QR.CHN1.QM55.TO.QPS1 ended abnormally connection 11.4.35.146 -  channel QR.CHL1.QM93.TO.QPS1 -  connection 11.4.35.141 -  (queue manager QM93) -  TRPTYPE=TCP RC=00000006  reason=,1+,9
52056,03.18.45 S0093149  +CSQX599E !QPS1 CSQXRESP Channel QR.CHL1.QMDD.TO.QPS1 ended abnormally connection 11.4.35.151,1+,9
52057,03.18.45 S0093149  +CSQX599E !QPS1 CSQXRESP Channel QR.CHN1.QMDD.TO.QPS1 ended abnormally connection 11.4.35.151,1+,9
52058,03.18.45 S0093149  +CSQX599E !QPS1 CSQXRESP Channel QR.CHL1.QM93.TO.QPS1 ended abnormally connection 11.4.35.141,1+,9
52059,03.18.45 S0093149  +CSQX599E !QPS1 CSQXRESP Channel QR.CHL1.QM55.TO.QPS1 ended abnormally connection 11.4.35.146,1+,9
52060,03.18.45 S0093149  +CSQX599E !QPS1 CSQXRESP Channel QR.CHN1.QM93.TO.QPS1 ended abnormally connection 11.4.35.141,1+,9
52061,带库相关问题，请通知系统管理一和生产运行值班人员 03.18.21 S0093614 *3139 IEF238D SA390IPL - REPLY DEVICE NAME OR 'CANCEL'.,10+,9
52062,带库相关问题，请通知系统管理一和生产运行值班人员 03.18.21 S0093614 *3139 IEF238D SA390IPL - REPLY DEVICE NAME OR 'CANCEL'. | 78FE-78FF 797E-797F 79FE-79FF 7A7E-7A7F 7AFE-7AFF 7B7E-7B7F 7BFE-7BFF | 7E00-7E7D 7E80-7EAF 7F00-7F7D 7F80-7FAF 807E-807F 80FE-80F,100+,9
52063,带库相关问题，请通知系统管理一和生产运行值班人员 03.18.21 S0093614 *3139 IEF238D SA390IPL - REPLY DEVICE NAME OR 'CANCEL'. | ED80-EDAF EE00-EE3F EE80-EEAF EF00-EF3F EF80-EFAF | :,100+,9
52064,03.17.50 S0092187  BNROUTACTS0 SEV=CRI TCPIP DestinationIPAddr:11.3.1.1/32 System:CP1A (RouteStatus <> ACTIVE),1+,5
52065,03.17.50 S0092187  BNROUTACTS0 SEV=CRI TCPIP DestinationIPAddr:11.3.1.3/32 System:CP1C (RouteStatus <> ACTIVE),1+,5
52066,03.17.50 S0092187  BNROUTACTS0 SEV=CRI TCPIP DestinationIPAddr:11.3.2.7/32 System:CP1D (RouteStatus <> ACTIVE),1+,5
52067,03.17.50 S0092187  BNROUTACTS0 SEV=CRI TCPIP DestinationIPAddr:11.3.2.7/32 System:CP1C (RouteStatus <> ACTIVE),1+,5
52068,03.17.50 S0092187  BNROUTACTS0 SEV=CRI TCPIP DestinationIPAddr:11.3.2.7/32 System:CP1A (RouteStatus <> ACTIVE),1+,5
52069,03.17.50 S0092187  BNROUTACTS0 SEV=CRI TCPIP DestinationIPAddr:11.3.1.7/32 System:CP1A (RouteStatus <> ACTIVE),1+,5
52070,03.17.50 S0092187  BNROUTACTS0 SEV=CRI TCPIP DestinationIPAddr:11.3.1.7/32 System:CP1C (RouteStatus <> ACTIVE),1+,5
52071,03.17.50 S0092187  BNROUTACTS0 SEV=CRI TCPIP DestinationIPAddr:11.3.1.7/32 System:CP1D (RouteStatus <> ACTIVE),1+,5
52072,03.17.50 S0092187  BNROUTACTS0 SEV=CRI TCPIP DestinationIPAddr:11.3.2.7/32 System:CP1D (RouteStatus <> ACTIVE) DestinationIPAddr:11.3.2.7/32 System:CP1D (RouteStatus <> ACTIVE),1+,5
52073,03.17.50 S0092187  BNROUTACTS0 SEV=CRI TCPIP DestinationIPAddr:11.3.1.4/32 System:CP1D (RouteStatus <> ACTIVE),1+,5
52074,03.17.50 S0092187  BNROUTACTS0 SEV=CRI TCPIP DestinationIPAddr:11.3.1.5/32 System:CP1E (RouteStatus <> ACTIVE),1+,5
52075,03.17.50 S0092187  BNROUTACTS0 SEV=CRI TCPIP DestinationIPAddr:11.3.1.2/32 System:CP1B (RouteStatus <> ACTIVE),1+,5
52076,03.17.50 S0092187  BNROUTACTS0 SEV=CRI TCPIP DestinationIPAddr:11.3.1.7/32 System:CP1F (RouteStatus <> ACTIVE) DestinationIPAddr:11.3.2.7/32 System:CP1B (RouteStatus <> ACTIVE),1+,5
52077,03.17.50 S0092187  BNROUTACTS0 SEV=CRI TCPIP DestinationIPAddr:11.3.1.7/32 System:CP1B (RouteStatus <> ACTIVE),1+,5
52078,03.17.50 S0092187  BNROUTACTS0 SEV=CRI TCPIP DestinationIPAddr:11.3.2.7/32 System:CP1B (RouteStatus <> ACTIVE),1+,5
52079,03.17.50 S0092187  BNROUTACTS0 SEV=CRI TCPIP DestinationIPAddr:11.3.1.6/32 System:CP1F (RouteStatus <> ACTIVE),1+,5
52080,03.17.50 S0092187  BNROUTACTS0 SEV=CRI TCPIP DestinationIPAddr:11.3.2.7/32 System:CP1E (RouteStatus <> ACTIVE),1+,5
52081,03.17.50 S0092187  BNROUTACTS0 SEV=CRI TCPIP DestinationIPAddr:11.3.2.7/32 System:CP1F (RouteStatus <> ACTIVE),1+,5
52082,03.17.50 S0092187  BNROUTACTS0 SEV=CRI TCPIP DestinationIPAddr:11.3.1.7/32 System:CP1E (RouteStatus <> ACTIVE),1+,5
52083,03.17.50 S0092187  BNROUTACTS0 SEV=CRI TCPIP DestinationIPAddr:11.3.2.7/32 System:CP1E (RouteStatus <> ACTIVE) DestinationIPAddr:11.3.2.7/32 System:CP1E (RouteStatus <> ACTIVE),1+,5
52084,03.16.51 S0092187  BNROUTACTS0 SEV=CRI TCPIP DestinationIPAddr:11.3.1.7/32 System:CP1E (RouteStatus <> ACTIVE),1+,5
52085,03.16.51 S0092187  BNROUTACTS0 SEV=CRI TCPIP DestinationIPAddr:11.3.1.5/32 System:CP1E (RouteStatus <> ACTIVE),1+,5
52086,03.16.51 S0092187  BNROUTACTS0 SEV=CRI TCPIP DestinationIPAddr:11.3.1.3/32 System:CP1C (RouteStatus <> ACTIVE),1+,5
52087,03.16.51 S0092187  BNROUTACTS0 SEV=CRI TCPIP DestinationIPAddr:11.3.1.7/32 System:CP1F (RouteStatus <> ACTIVE),1+,5
52088,03.16.51 S0092187  BNROUTACTS0 SEV=CRI TCPIP DestinationIPAddr:11.3.1.6/32 System:CP1F (RouteStatus <> ACTIVE),1+,5
52089,03.16.51 S0092187  BNROUTACTS0 SEV=CRI TCPIP DestinationIPAddr:11.3.1.7/32 System:CP1D (RouteStatus <> ACTIVE),1+,5
52090,03.16.51 S0092187  BNROUTACTS0 SEV=CRI TCPIP DestinationIPAddr:11.3.1.4/32 System:CP1D (RouteStatus <> ACTIVE),1+,5
52091,03.16.51 S0092187  BNROUTACTS0 SEV=CRI TCPIP DestinationIPAddr:11.3.1.7/32 System:CP1C (RouteStatus <> ACTIVE),1+,5
52092,03.16.51 S0092187  BNROUTACTS0 SEV=CRI TCPIP DestinationIPAddr:11.3.1.7/32 System:CP1B (RouteStatus <> ACTIVE),1+,5
52093,03.16.51 S0092187  BNROUTACTS0 SEV=CRI TCPIP DestinationIPAddr:11.3.1.7/32 System:CP1A (RouteStatus <> ACTIVE),1+,5
52094,03.16.51 S0092187  BNROUTACTS0 SEV=CRI TCPIP DestinationIPAddr:11.3.1.2/32 System:CP1B (RouteStatus <> ACTIVE),1+,5
52095,带库相关问题，请通知系统管理一和生产运行值班人员 03.15.29 S0093608 *3123 IEF238D SA390IPL - REPLY DEVICE NAME OR 'CANCEL'. percentage is now 50.,100+,9
52096,带库相关问题，请通知系统管理一和生产运行值班人员 03.15.29 S0093608 *3123 IEF238D SA390IPL - REPLY DEVICE NAME OR 'CANCEL'. | 78FE-78FF 797E-797F 79FE-79FF 7A7E-7A7F 7AFE-7AFF 7B7E-7B7F 7BFE-7BFF | 7E00-7E7D 7E80-7EAF 7F00-7F7D 7F80-7FAF 807E-807F 80FE-80F,100+,9
52097,"03.15.18 S0092559  BCCONNECTS0 SEV=CRI CIP1KT41 CID: RH41 NET: LSCS00H0 STAT: RELEASED        ,CICS连接中断",10+,9
52098,03.15.14 S0092559  BCEMVSLMTS0 SEV=WAR CIP1KA43 Target: CIP1KA43 EMVS% = 85.96 (%EMVSUsed > 85),10+,9
52099,03.15.14 S0092559  BCEMVSLMTS0 SEV=WAR CIP1KA48 Target: CIP1KA48 EMVS% = 85.93 (%EMVSUsed > 85),10+,9
52100,03.15.14 S0092559  BCEMVSLMTS0 SEV=WAR CIP1KA42 Target: CIP1KA42 EMVS% = 85.93 (%EMVSUsed > 85),10+,9
52101,03.15.14 S0092559  BCEMVSLMTS0 SEV=WAR CIP1KA46 Target: CIP1KA46 EMVS% = 85.94 (%EMVSUsed > 85),10+,9
52102,03.15.14 S0092559  BCEMVSLMTS0 SEV=WAR CIP1KA41 Target: CIP1KA41 EMVS% = 85.94 (%EMVSUsed > 85),10+,9
52103,03.15.14 S0092559  BCEMVSLMTS0 SEV=WAR CIP1KA47 Target: CIP1KA47 EMVS% = 85.93 (%EMVSUsed > 85),10+,9
52104,03.15.14 S0092559  BCEMVSLMTS0 SEV=WAR CIP1KA45 Target: CIP1KA45 EMVS% = 85.93 (%EMVSUsed > 85),10+,9
52105,03.15.14 S0092559  BCEMVSLMTS0 SEV=WAR CIP1KA44 Target: CIP1KA44 EMVS% = 85.94 (%EMVSUsed > 85),10+,9
52106,03.14.34 S0093003  BQCARQDEPS0 SEV=CRI MQ2A NamedQueue: PRM.CRE.PIPINQ CURRENT DEPTH: 7217 (CurrentDepth >= 5000) CURRENT DEPTH: 7217 (CurrentDepth >= 5000),10+,9
52107,"03.14.19 S0092559  BCCONNECTS0 SEV=CRI CIP1AT41 CID: B441 NET: CIP1KT43 STAT: RELEASED        ,CICS连接中断",10+,9
52108,"03.13.20 S0092559  BCCONNECTS0 SEV=CRI CIP1KT21 CID: RH21 NET: LSCS00H0 STAT: RELEASED        ,CICS连接中断",10+,9
52109,03.13.20 S0092559  BZASLDPSVS0 SEV=CRI CP1D Jobname: LDPSRV (Status <> ACTIVE),10+,9
52110,03.13.16 S0092559  BCEMVSLMTS0 SEV=WAR CIP1KA22 Target: CIP1KA22 EMVS% = 85.93 (%EMVSUsed > 85),10+,9
52111,03.13.16 S0092559  BCEMVSLMTS0 SEV=WAR CIP1KA28 Target: CIP1KA28 EMVS% = 85.93 (%EMVSUsed > 85),10+,9
52112,03.13.16 S0092559  BCEMVSLMTS0 SEV=WAR CIP1KA24 Target: CIP1KA24 EMVS% = 85.93 (%EMVSUsed > 85),10+,9
52113,03.13.16 S0092559  BCEMVSLMTS0 SEV=WAR CIP1KA27 Target: CIP1KA27 EMVS% = 85.96 (%EMVSUsed > 85),10+,9
52114,03.13.16 S0092559  BCEMVSLMTS0 SEV=WAR CIP1KA26 Target: CIP1KA26 EMVS% = 85.93 (%EMVSUsed > 85),10+,9
52115,03.13.16 S0092559  BCEMVSLMTS0 SEV=WAR CIP1KA21 Target: CIP1KA21 EMVS% = 85.94 (%EMVSUsed > 85),10+,9
52116,03.13.16 S0092559  BCEMVSLMTS0 SEV=WAR CIP1KA23 Target: CIP1KA23 EMVS% = 85.93 (%EMVSUsed > 85) NODE BOCHQP.SSCPCP1F IS COMPLETE,10+,9
52117,03.13.16 S0092559  BCEMVSLMTS0 SEV=WAR CIP1KA25 Target: CIP1KA25 EMVS% = 85.93 (%EMVSUsed > 85),10+,9
52118,"03.11.21 S0092559  BCCONNECTS0 SEV=CRI CIP1AT21 CID: B221 NET: CIP1KT23 STAT: RELEASED        ,CICS连接中断",10+,9
52119,03.09.54 S0092187  BNROUTACTS0 SEV=CRI TCPIP DestinationIPAddr:11.3.4.113/32 System:CP1E (RouteStatus <> ACTIVE) DestinationIPAddr:11.3.4.113/32 System:CP1E (RouteStatus <> ACTIVE),1+,5
52120,03.09.54 S0092187  BNROUTACTS0 SEV=CRI TCPIP DestinationIPAddr:11.3.4.34/32 System:CP1E (RouteStatus <> ACTIVE),1+,5
52121,03.09.54 S0092187  BNROUTACTS0 SEV=CRI TCPIP DestinationIPAddr:11.3.4.97/32 System:CP1E (RouteStatus <> ACTIVE),1+,5
52122,03.09.54 S0092187  BNROUTACTS0 SEV=CRI TCPIP DestinationIPAddr:11.3.4.81/32 System:CP1E (RouteStatus <> ACTIVE),1+,5
52123,03.09.54 S0092187  BNROUTACTS0 SEV=CRI TCPIP DestinationIPAddr:11.3.4.113/32 System:CP1E (RouteStatus <> ACTIVE),1+,5
52124,03.09.54 S0092187  BNROUTACTS0 SEV=CRI TCPIP DestinationIPAddr:11.3.4.33/32 System:CP1E (RouteStatus <> ACTIVE),1+,5
52125,03.09.54 S0092187  BNROUTACTS0 SEV=CRI TCPIP DestinationIPAddr:11.3.4.35/32 System:CP1E (RouteStatus <> ACTIVE) DestinationIPAddr:11.3.4.114/32 System:CP1E (RouteStatus <> ACTIVE),1+,5
52126,03.09.54 S0092187  BNROUTACTS0 SEV=CRI TCPIP DestinationIPAddr:11.3.4.35/32 System:CP1E (RouteStatus <> ACTIVE),1+,5
52127,03.09.54 S0092187  BNROUTACTS0 SEV=CRI TCPIP DestinationIPAddr:11.3.4.115/32 System:CP1E (RouteStatus <> ACTIVE),1+,5
52128,03.09.54 S0092187  BNROUTACTS0 SEV=CRI TCPIP DestinationIPAddr:11.3.4.115/32 System:CP1C (RouteStatus <> ACTIVE),1+,5
52129,03.09.54 S0092187  BNROUTACTS0 SEV=CRI TCPIP DestinationIPAddr:11.3.4.35/32 System:CP1C (RouteStatus <> ACTIVE),1+,5
52130,03.09.54 S0092187  BNROUTACTS0 SEV=CRI TCPIP DestinationIPAddr:11.3.4.81/32 System:CP1C (RouteStatus <> ACTIVE),1+,5
52131,03.09.54 S0092187  BNROUTACTS0 SEV=CRI TCPIP DestinationIPAddr:11.3.4.113/32 System:CP1C (RouteStatus <> ACTIVE),1+,5
52132,03.09.54 S0092187  BNROUTACTS0 SEV=CRI TCPIP DestinationIPAddr:11.3.4.33/32 System:CP1C (RouteStatus <> ACTIVE),1+,5
52133,03.09.54 S0092187  BNROUTACTS0 SEV=CRI TCPIP DestinationIPAddr:11.3.4.81/32 System:CP1E (RouteStatus <> ACTIVE) DestinationIPAddr:11.3.4.114/32 System:CP1E (RouteStatus <> ACTIVE),1+,5
52134,03.09.54 S0092187  BNROUTACTS0 SEV=CRI TCPIP DestinationIPAddr:11.3.4.97/32 System:CP1C (RouteStatus <> ACTIVE) DestinationIPAddr:11.3.4.33/32 System:CP1E (RouteStatus <> ACTIVE),1+,5
52135,03.09.54 S0092187  BNROUTACTS0 SEV=CRI TCPIP DestinationIPAddr:11.3.4.35/32 System:CP1C (RouteStatus <> ACTIVE) DestinationIPAddr:11.3.4.115/32 System:CP1C (RouteStatus <> ACTIVE),1+,5
52136,03.09.54 S0092187  BNROUTACTS0 SEV=CRI TCPIP DestinationIPAddr:11.3.4.114/32 System:CP1E (RouteStatus <> ACTIVE),1+,5
52137,03.09.54 S0092187  BNROUTACTS0 SEV=CRI TCPIP DestinationIPAddr:11.3.4.97/32 System:CP1C (RouteStatus <> ACTIVE),1+,5
52138,03.09.54 S0092187  BNROUTACTS0 SEV=CRI TCPIP DestinationIPAddr:11.3.4.34/32 System:CP1C (RouteStatus <> ACTIVE),1+,5
52139,03.09.54 S0092187  BNROUTACTS0 SEV=CRI TCPIP DestinationIPAddr:11.3.4.114/32 System:CP1C (RouteStatus <> ACTIVE),1+,5
52140,03.09.54 S0092187  BNROUTACTS0 SEV=CRI TCPIP DestinationIPAddr:11.3.4.114/32 System:CP1C (RouteStatus <> ACTIVE) DestinationIPAddr:11.3.4.81/32 System:CP1C (RouteStatus <> ACTIVE),1+,5
52141,03.09.54 S0092187  BNROUTACTS0 SEV=CRI TCPIP DestinationIPAddr:11.3.4.115/32 System:CP1C (RouteStatus <> ACTIVE) DestinationIPAddr:11.3.4.114/32 System:CP1C (RouteStatus <> ACTIVE),1+,5
52142,03.09.54 S0092187  BNROUTACTS0 SEV=CRI TCPIP DestinationIPAddr:11.3.4.115/32 System:CP1A (RouteStatus <> ACTIVE),1+,5
52143,03.09.54 S0092187  BNROUTACTS0 SEV=CRI TCPIP DestinationIPAddr:11.3.4.97/32 System:CP1A (RouteStatus <> ACTIVE),1+,5
52144,03.09.54 S0092187  BNROUTACTS0 SEV=CRI TCPIP DestinationIPAddr:11.3.4.114/32 System:CP1A (RouteStatus <> ACTIVE),1+,5
52145,03.09.54 S0092187  BNROUTACTS0 SEV=CRI TCPIP DestinationIPAddr:11.3.4.34/32 System:CP1A (RouteStatus <> ACTIVE),1+,5
52146,03.09.54 S0092187  BNROUTACTS0 SEV=CRI TCPIP DestinationIPAddr:11.3.4.35/32 System:CP1A (RouteStatus <> ACTIVE),1+,5
52147,03.09.54 S0092187  BNROUTACTS0 SEV=CRI TCPIP DestinationIPAddr:11.3.4.33/32 System:CP1A (RouteStatus <> ACTIVE),1+,5
52148,03.09.54 S0092187  BNROUTACTS0 SEV=CRI TCPIP DestinationIPAddr:11.3.4.113/32 System:CP1A (RouteStatus <> ACTIVE),1+,5
52149,03.08.55 S0092187  BNROUTACTS0 SEV=CRI TCPIP DestinationIPAddr:11.3.4.114/32 System:CP1E (RouteStatus <> ACTIVE),1+,5
52150,03.08.55 S0092187  BNROUTACTS0 SEV=CRI TCPIP DestinationIPAddr:11.3.4.115/32 System:CP1E (RouteStatus <> ACTIVE),1+,5
52151,03.08.55 S0092187  BNROUTACTS0 SEV=CRI TCPIP DestinationIPAddr:11.3.4.35/32 System:CP1E (RouteStatus <> ACTIVE),1+,5
52152,03.08.55 S0092187  BNROUTACTS0 SEV=CRI TCPIP DestinationIPAddr:11.3.4.97/32 System:CP1E (RouteStatus <> ACTIVE),1+,5
52153,03.08.55 S0092187  BNROUTACTS0 SEV=CRI TCPIP DestinationIPAddr:11.3.4.34/32 System:CP1E (RouteStatus <> ACTIVE),1+,5
52154,03.08.55 S0092187  BNROUTACTS0 SEV=CRI TCPIP DestinationIPAddr:11.3.4.81/32 System:CP1E (RouteStatus <> ACTIVE),1+,5
52155,03.08.55 S0092187  BNROUTACTS0 SEV=CRI TCPIP DestinationIPAddr:11.3.4.113/32 System:CP1E (RouteStatus <> ACTIVE),1+,5
52156,03.08.55 S0092187  BNROUTACTS0 SEV=CRI TCPIP DestinationIPAddr:11.3.4.33/32 System:CP1E (RouteStatus <> ACTIVE),1+,5
52157,03.08.55 S0092187  BNROUTACTS0 SEV=CRI TCPIP DestinationIPAddr:11.3.4.34/32 System:CP1E (RouteStatus <> ACTIVE) DestinationIPAddr:11.3.4.97/32 System:CP1E (RouteStatus <> ACTIVE),1+,5
52158,03.08.55 S0092187  BNROUTACTS0 SEV=CRI TCPIP DestinationIPAddr:11.3.4.34/32 System:CP1E (RouteStatus <> ACTIVE) DestinationIPAddr:11.3.4.113/32 System:CP1E (RouteStatus <> ACTIVE),1+,5
52159,03.08.55 S0092187  BNROUTACTS0 SEV=CRI TCPIP DestinationIPAddr:11.3.4.34/32 System:CP1E (RouteStatus <> ACTIVE) DestinationIPAddr:11.3.4.33/32 System:CP1E (RouteStatus <> ACTIVE),1+,5
52160,03.08.55 S0092187  BNROUTACTS0 SEV=CRI TCPIP DestinationIPAddr:11.3.4.115/32 System:CP1A (RouteStatus <> ACTIVE),1+,5
52161,03.08.55 S0092187  BNROUTACTS0 SEV=CRI TCPIP DestinationIPAddr:11.3.4.81/32 System:CP1A (RouteStatus <> ACTIVE),1+,5
52162,03.08.55 S0092187  BNROUTACTS0 SEV=CRI TCPIP DestinationIPAddr:11.3.4.33/32 System:CP1A (RouteStatus <> ACTIVE),1+,5
52163,03.08.55 S0092187  BNROUTACTS0 SEV=CRI TCPIP DestinationIPAddr:11.3.4.35/32 System:CP1C (RouteStatus <> ACTIVE),1+,5
52164,03.08.55 S0092187  BNROUTACTS0 SEV=CRI TCPIP DestinationIPAddr:11.3.4.33/32 System:CP1C (RouteStatus <> ACTIVE) DestinationIPAddr:11.3.4.113/32 System:CP1C (RouteStatus <> ACTIVE),1+,5
52165,03.08.55 S0092187  BNROUTACTS0 SEV=CRI TCPIP DestinationIPAddr:11.3.4.114/32 System:CP1C (RouteStatus <> ACTIVE),1+,5
52166,03.08.55 S0092187  BNROUTACTS0 SEV=CRI TCPIP DestinationIPAddr:11.3.4.113/32 System:CP1A (RouteStatus <> ACTIVE),1+,5
52167,03.08.55 S0092187  BNROUTACTS0 SEV=CRI TCPIP DestinationIPAddr:11.3.4.35/32 System:CP1C (RouteStatus <> ACTIVE) DestinationIPAddr:11.3.4.81/32 System:CP1C (RouteStatus <> ACTIVE),1+,5
52168,03.08.55 S0092187  BNROUTACTS0 SEV=CRI TCPIP DestinationIPAddr:11.3.4.35/32 System:CP1A (RouteStatus <> ACTIVE),1+,5
52169,03.08.55 S0092187  BNROUTACTS0 SEV=CRI TCPIP DestinationIPAddr:11.3.4.81/32 System:CP1C (RouteStatus <> ACTIVE),1+,5
52170,03.08.55 S0092187  BNROUTACTS0 SEV=CRI TCPIP DestinationIPAddr:11.3.4.33/32 System:CP1C (RouteStatus <> ACTIVE),1+,5
52171,03.08.55 S0092187  BNROUTACTS0 SEV=CRI TCPIP DestinationIPAddr:11.3.4.115/32 System:CP1C (RouteStatus <> ACTIVE),1+,5
52172,03.08.55 S0092187  BNROUTACTS0 SEV=CRI TCPIP DestinationIPAddr:11.3.4.114/32 System:CP1A (RouteStatus <> ACTIVE),1+,5
52173,03.08.55 S0092187  BNROUTACTS0 SEV=CRI TCPIP DestinationIPAddr:11.3.4.115/32 System:CP1C (RouteStatus <> ACTIVE) DestinationIPAddr:11.3.4.35/32 System:CP1C (RouteStatus <> ACTIVE),1+,5
52174,03.08.55 S0092187  BNROUTACTS0 SEV=CRI TCPIP DestinationIPAddr:11.3.4.113/32 System:CP1C (RouteStatus <> ACTIVE),1+,5
52175,03.08.55 S0092187  BNROUTACTS0 SEV=CRI TCPIP DestinationIPAddr:11.3.4.34/32 System:CP1C (RouteStatus <> ACTIVE),1+,5
52176,03.08.55 S0092187  BNROUTACTS0 SEV=CRI TCPIP DestinationIPAddr:11.3.4.97/32 System:CP1C (RouteStatus <> ACTIVE),1+,5
52177,03.08.55 S0092187  BNROUTACTS0 SEV=CRI TCPIP DestinationIPAddr:11.3.4.97/32 System:CP1A (RouteStatus <> ACTIVE) DestinationIPAddr:11.3.4.34/32 System:CP1A (RouteStatus <> ACTIVE),1+,5
52178,03.07.56 S0092187  BNROUTACTS0 SEV=CRI TCPIP DestinationIPAddr:11.3.4.114/32 System:CP1C (RouteStatus <> ACTIVE) DestinationIPAddr:11.3.4.81/32 System:CP1C (RouteStatus <> ACTIVE),1+,5
52179,03.07.56 S0092187  BNROUTACTS0 SEV=CRI TCPIP DestinationIPAddr:11.3.4.113/32 System:CP1C (RouteStatus <> ACTIVE),1+,5
52180,03.07.56 S0092187  BNROUTACTS0 SEV=CRI TCPIP DestinationIPAddr:11.3.4.81/32 System:CP1C (RouteStatus <> ACTIVE),1+,5
52181,03.07.56 S0092187  BNROUTACTS0 SEV=CRI TCPIP DestinationIPAddr:11.3.4.33/32 System:CP1C (RouteStatus <> ACTIVE),1+,5
52182,03.07.56 S0092187  BNROUTACTS0 SEV=CRI TCPIP DestinationIPAddr:11.3.4.97/32 System:CP1C (RouteStatus <> ACTIVE),1+,5
52183,03.07.56 S0092187  BNROUTACTS0 SEV=CRI TCPIP DestinationIPAddr:11.3.4.34/32 System:CP1C (RouteStatus <> ACTIVE),1+,5
52184,03.07.56 S0092187  BNROUTACTS0 SEV=CRI TCPIP DestinationIPAddr:11.3.4.114/32 System:CP1C (RouteStatus <> ACTIVE),1+,5
52185,03.07.56 S0092187  BNROUTACTS0 SEV=CRI TCPIP DestinationIPAddr:11.3.4.35/32 System:CP1E (RouteStatus <> ACTIVE) DestinationIPAddr:11.3.4.114/32 System:CP1E (RouteStatus <> ACTIVE),1+,5
52186,03.07.56 S0092187  BNROUTACTS0 SEV=CRI TCPIP DestinationIPAddr:11.3.4.115/32 System:CP1A (RouteStatus <> ACTIVE),1+,5
52187,03.07.56 S0092187  BNROUTACTS0 SEV=CRI TCPIP DestinationIPAddr:11.3.4.34/32 System:CP1A (RouteStatus <> ACTIVE),1+,5
52188,03.07.56 S0092187  BNROUTACTS0 SEV=CRI TCPIP DestinationIPAddr:11.3.4.113/32 System:CP1E (RouteStatus <> ACTIVE) DestinationIPAddr:11.3.4.113/32 System:CP1E (RouteStatus <> ACTIVE),1+,5
52189,03.07.56 S0092187  BNROUTACTS0 SEV=CRI TCPIP DestinationIPAddr:11.3.4.97/32 System:CP1A (RouteStatus <> ACTIVE),1+,5
52190,03.07.56 S0092187  BNROUTACTS0 SEV=CRI TCPIP DestinationIPAddr:11.3.4.115/32 System:CP1E (RouteStatus <> ACTIVE),1+,5
52191,03.07.56 S0092187  BNROUTACTS0 SEV=CRI TCPIP DestinationIPAddr:11.3.4.113/32 System:CP1E (RouteStatus <> ACTIVE),1+,5
52192,03.07.56 S0092187  BNROUTACTS0 SEV=CRI TCPIP DestinationIPAddr:11.3.4.81/32 System:CP1E (RouteStatus <> ACTIVE) DestinationIPAddr:11.3.4.114/32 System:CP1E (RouteStatus <> ACTIVE),1+,5
52193,03.07.56 S0092187  BNROUTACTS0 SEV=CRI TCPIP DestinationIPAddr:11.3.4.114/32 System:CP1E (RouteStatus <> ACTIVE),1+,5
52194,03.07.56 S0092187  BNROUTACTS0 SEV=CRI TCPIP DestinationIPAddr:11.3.4.33/32 System:CP1E (RouteStatus <> ACTIVE),1+,5
52195,03.07.56 S0092187  BNROUTACTS0 SEV=CRI TCPIP DestinationIPAddr:11.3.4.35/32 System:CP1C (RouteStatus <> ACTIVE),1+,5
52196,03.07.56 S0092187  BNROUTACTS0 SEV=CRI TCPIP DestinationIPAddr:11.3.4.34/32 System:CP1E (RouteStatus <> ACTIVE),1+,5
52197,03.07.56 S0092187  BNROUTACTS0 SEV=CRI TCPIP DestinationIPAddr:11.3.4.97/32 System:CP1E (RouteStatus <> ACTIVE),1+,5
52198,03.07.56 S0092187  BNROUTACTS0 SEV=CRI TCPIP DestinationIPAddr:11.3.4.35/32 System:CP1E (RouteStatus <> ACTIVE),1+,5
52199,03.07.56 S0092187  BNROUTACTS0 SEV=CRI TCPIP DestinationIPAddr:11.3.4.113/32 System:CP1A (RouteStatus <> ACTIVE),1+,5
52200,03.07.56 S0092187  BNROUTACTS0 SEV=CRI TCPIP DestinationIPAddr:11.3.4.33/32 System:CP1A (RouteStatus <> ACTIVE),1+,5
52201,03.07.56 S0092187  BNROUTACTS0 SEV=CRI TCPIP DestinationIPAddr:11.3.4.81/32 System:CP1E (RouteStatus <> ACTIVE),1+,5
52202,03.07.56 S0092187  BNROUTACTS0 SEV=CRI TCPIP DestinationIPAddr:11.3.4.35/32 System:CP1A (RouteStatus <> ACTIVE),1+,5
52203,03.07.56 S0092187  BNROUTACTS0 SEV=CRI TCPIP DestinationIPAddr:11.3.4.115/32 System:CP1C (RouteStatus <> ACTIVE) DestinationIPAddr:11.3.4.114/32 System:CP1C (RouteStatus <> ACTIVE),1+,5
52204,03.07.56 S0092187  BNROUTACTS0 SEV=CRI TCPIP DestinationIPAddr:11.3.4.35/32 System:CP1C (RouteStatus <> ACTIVE) DestinationIPAddr:11.3.4.115/32 System:CP1C (RouteStatus <> ACTIVE),1+,5
52205,03.07.56 S0092187  BNROUTACTS0 SEV=CRI TCPIP DestinationIPAddr:11.3.4.97/32 System:CP1C (RouteStatus <> ACTIVE) DestinationIPAddr:11.3.4.33/32 System:CP1E (RouteStatus <> ACTIVE),1+,5
52206,03.07.56 S0092187  BNROUTACTS0 SEV=CRI TCPIP DestinationIPAddr:11.3.4.115/32 System:CP1C (RouteStatus <> ACTIVE),1+,5
52207,03.07.56 S0092187  BNROUTACTS0 SEV=CRI TCPIP DestinationIPAddr:11.3.4.114/32 System:CP1A (RouteStatus <> ACTIVE),1+,5
52208,03.06.56 S0092187  BNROUTACTS0 SEV=CRI TCPIP DestinationIPAddr:11.3.4.35/32 System:CP1E (RouteStatus <> ACTIVE),1+,5
52209,03.06.56 S0092187  BNROUTACTS0 SEV=CRI TCPIP DestinationIPAddr:11.3.4.34/32 System:CP1E (RouteStatus <> ACTIVE),1+,5
52210,03.06.56 S0092187  BNROUTACTS0 SEV=CRI TCPIP DestinationIPAddr:11.3.4.114/32 System:CP1E (RouteStatus <> ACTIVE),1+,5
52211,03.06.56 S0092187  BNROUTACTS0 SEV=CRI TCPIP DestinationIPAddr:11.3.4.81/32 System:CP1E (RouteStatus <> ACTIVE),1+,5
52212,03.06.56 S0092187  BNROUTACTS0 SEV=CRI TCPIP DestinationIPAddr:11.3.4.33/32 System:CP1E (RouteStatus <> ACTIVE),1+,5
52213,03.06.56 S0092187  BNROUTACTS0 SEV=CRI TCPIP DestinationIPAddr:11.3.4.81/32 System:CP1E (RouteStatus <> ACTIVE) DestinationIPAddr:11.3.4.114/32 System:CP1E (RouteStatus <> ACTIVE),1+,5
52214,03.06.56 S0092187  BNROUTACTS0 SEV=CRI TCPIP DestinationIPAddr:11.3.4.81/32 System:CP1C (RouteStatus <> ACTIVE),1+,5
52215,03.06.56 S0092187  BNROUTACTS0 SEV=CRI TCPIP DestinationIPAddr:11.3.4.33/32 System:CP1C (RouteStatus <> ACTIVE),1+,5
52216,03.06.56 S0092187  BNROUTACTS0 SEV=CRI TCPIP DestinationIPAddr:11.3.4.113/32 System:CP1A (RouteStatus <> ACTIVE),1+,5
52217,03.06.56 S0092187  BNROUTACTS0 SEV=CRI TCPIP DestinationIPAddr:11.3.4.115/32 System:CP1E (RouteStatus <> ACTIVE),1+,5
52218,03.06.56 S0092187  BNROUTACTS0 SEV=CRI TCPIP DestinationIPAddr:11.3.4.97/32 System:CP1C (RouteStatus <> ACTIVE) DestinationIPAddr:11.3.4.33/32 System:CP1E (RouteStatus <> ACTIVE),1+,5
52219,03.06.56 S0092187  BNROUTACTS0 SEV=CRI TCPIP DestinationIPAddr:11.3.4.34/32 System:CP1C (RouteStatus <> ACTIVE),1+,5
52220,03.06.56 S0092187  BNROUTACTS0 SEV=CRI TCPIP DestinationIPAddr:11.3.4.97/32 System:CP1C (RouteStatus <> ACTIVE),1+,5
52221,03.06.56 S0092187  BNROUTACTS0 SEV=CRI TCPIP DestinationIPAddr:11.3.4.115/32 System:CP1C (RouteStatus <> ACTIVE),1+,5
52222,03.06.56 S0092187  BNROUTACTS0 SEV=CRI TCPIP DestinationIPAddr:11.3.4.35/32 System:CP1C (RouteStatus <> ACTIVE),1+,5
52223,03.06.56 S0092187  BNROUTACTS0 SEV=CRI TCPIP DestinationIPAddr:11.3.4.113/32 System:CP1C (RouteStatus <> ACTIVE),1+,5
52224,03.06.56 S0092187  BNROUTACTS0 SEV=CRI TCPIP DestinationIPAddr:11.3.4.97/32 System:CP1A (RouteStatus <> ACTIVE),1+,5
52225,03.06.56 S0092187  BNROUTACTS0 SEV=CRI TCPIP DestinationIPAddr:11.3.4.115/32 System:CP1A (RouteStatus <> ACTIVE),1+,5
52226,03.06.56 S0092187  BNROUTACTS0 SEV=CRI TCPIP DestinationIPAddr:11.3.4.35/32 System:CP1C (RouteStatus <> ACTIVE) DestinationIPAddr:11.3.4.115/32 System:CP1C (RouteStatus <> ACTIVE),1+,5
52227,03.06.56 S0092187  BNROUTACTS0 SEV=CRI TCPIP DestinationIPAddr:11.3.4.114/32 System:CP1C (RouteStatus <> ACTIVE) DestinationIPAddr:11.3.4.81/32 System:CP1C (RouteStatus <> ACTIVE),1+,5
52228,03.06.56 S0092187  BNROUTACTS0 SEV=CRI TCPIP DestinationIPAddr:11.3.4.114/32 System:CP1C (RouteStatus <> ACTIVE),1+,5
52229,03.06.56 S0092187  BNROUTACTS0 SEV=CRI TCPIP DestinationIPAddr:11.3.4.35/32 System:CP1A (RouteStatus <> ACTIVE),1+,5
52230,03.06.56 S0092187  BNROUTACTS0 SEV=CRI TCPIP DestinationIPAddr:11.3.4.33/32 System:CP1A (RouteStatus <> ACTIVE),1+,5
52231,03.06.56 S0092187  BNROUTACTS0 SEV=CRI TCPIP DestinationIPAddr:11.3.4.114/32 System:CP1A (RouteStatus <> ACTIVE),1+,5
52232,03.06.56 S0092187  BNROUTACTS0 SEV=CRI TCPIP DestinationIPAddr:11.3.4.113/32 System:CP1E (RouteStatus <> ACTIVE),1+,5
52233,03.06.56 S0092187  BNROUTACTS0 SEV=CRI TCPIP DestinationIPAddr:11.3.4.115/32 System:CP1C (RouteStatus <> ACTIVE) DestinationIPAddr:11.3.4.114/32 System:CP1C (RouteStatus <> ACTIVE),1+,5
52234,03.06.56 S0092187  BNROUTACTS0 SEV=CRI TCPIP DestinationIPAddr:11.3.4.34/32 System:CP1A (RouteStatus <> ACTIVE),1+,5
52235,03.06.56 S0092187  BNROUTACTS0 SEV=CRI TCPIP DestinationIPAddr:11.3.4.97/32 System:CP1E (RouteStatus <> ACTIVE),1+,5
52236,03.06.56 S0092187  BNROUTACTS0 SEV=CRI TCPIP DestinationIPAddr:11.3.4.113/32 System:CP1E (RouteStatus <> ACTIVE) DestinationIPAddr:11.3.4.113/32 System:CP1E (RouteStatus <> ACTIVE),1+,5
52237,"03.06.06 CP2B S0007540  BNEEPUACTS0 SEV=CRI TCPIP PUName:EEC2BC1B System:CP2B Remote IP:11.3.2.2         (State <> ACTIVE) (Persisting) 8,418,000  LINES",1+,4
52238,03.06.06 CP2B S0007540  BNEEPUACTS0 SEV=CRI TCPIP PUName:EEC2AC1B System:CP2A Remote IP:11.3.2.2         (State <> ACTIVE) (Persisting),1+,4
52239,03.05.55 CP3A S0048551  BNEEPUACTS0 SEV=CRI TCPIP PUName:EECP3C1B System:CP3C Remote IP:11.3.2.2         (State <> ACTIVE) (Persisting),1+,4
52240,03.05.45 CP3A S0048551  BCTSKLIFES0 SEV=CRI CIP3AA41 TaskID: 20475 TranID: SX02 CUREENT:503 (ElapsedTime > 500),100+,9
52241,03.05.06 CP2B S0007540  BNEEPUACTS0 SEV=CRI TCPIP PUName:EEC2BC1B System:CP2B Remote IP:11.3.2.2         (State <> ACTIVE) (Persisting),1+,4
52242,03.05.06 CP2B S0007540  BNEEPUACTS0 SEV=CRI TCPIP PUName:EEC2AC1B System:CP2A Remote IP:11.3.2.2         (State <> ACTIVE) (Persisting),1+,4
52243,"03.04.55 CP3A S0048551  BNEEPUACTS0 SEV=CRI TCPIP PUName:EECP3C1B System:CP3A Remote IP:11.3.2.2         (State <> ACTIVE) (Persisting) COMPLETE VOLUME LIST, - DSN=BKZP.L.A.ID.N.TSAJR2.P00009.D181208.H19,VOLS=S66531,TOTALBLOCKS=1",1+,4
52244,03.04.55 CP3A S0048551  BNEEPUACTS0 SEV=CRI TCPIP PUName:EECP3C1B System:CP3C Remote IP:11.3.2.2         (State <> ACTIVE) (Persisting),1+,4
52245,03.04.55 S0092187  BNEEPUACTS0 SEV=CRI TCPIP PUName:EEC1EC1B System:CP1E Remote IP:11.3.2.2         (State <> ACTIVE) (Persisting),1+,4
52246,03.04.55 S0092187  BNEEPUACTS0 SEV=CRI TCPIP PUName:EEC1CC1B System:CP1C Remote IP:11.3.2.2         (State <> ACTIVE) (Persisting),1+,4
52247,03.04.55 S0092187  BNEEPUACTS0 SEV=CRI TCPIP PUName:VN00009A System:CP1C Remote IP:11.3.2.6         (State <> ACTIVE) (Persisting),1+,4
52248,03.04.55 S0092187  BNEEPUACTS0 SEV=CRI TCPIP PUName:VN00002D System:CP1E Remote IP:11.3.2.6         (State <> ACTIVE) (Persisting),1+,4
52249,03.04.55 S0092187  BNEEPUACTS0 SEV=CRI TCPIP PUName:EEC1AC1B System:CP1A Remote IP:11.3.2.2         (State <> ACTIVE) (Persisting),1+,4
52250,03.04.55 S0092187  BNEEPUACTS0 SEV=CRI TCPIP PUName:EEC1AC1F System:CP1A Remote IP:11.3.2.6         (State <> ACTIVE) (Persisting),1+,4
52251,03.04.39 S0093003  BQCARQDEPS0 SEV=WAR MQ3A NamedQueue: PRM.CRE.PIPINQ CURRENT DEPTH: 3193 (CurrentDepth >= 2000),10+,9
52252,03.04.07 CP2B S0007540  BNEEPUACTS0 SEV=CRI TCPIP PUName:EEC2BC1B System:CP2B Remote IP:11.3.2.2         (State <> ACTIVE) (Persisting),1+,4
52253,03.04.07 CP2B S0007540  BNEEPUACTS0 SEV=CRI TCPIP PUName:EEC2AC1B System:CP2A Remote IP:11.3.2.2         (State <> ACTIVE) (Persisting),1+,4
52254,03.03.56 CP3A S0048551  BNEEPUACTS0 SEV=CRI TCPIP PUName:EECP3C1B System:CP3A Remote IP:11.3.2.2         (State <> ACTIVE) (Persisting),1+,4
52255,03.03.56 CP3A S0048551  BNEEPUACTS0 SEV=CRI TCPIP PUName:EECP3C1B System:CP3C Remote IP:11.3.2.2         (State <> ACTIVE) (Persisting),1+,4
52256,03.03.07 CP2B S0007540  BNEEPUACTS0 SEV=CRI TCPIP PUName:EEC2BC1B System:CP2B Remote IP:11.3.2.2         (State <> ACTIVE) (Persisting),1+,4
52257,03.03.07 CP2B S0007540  BNEEPUACTS0 SEV=CRI TCPIP PUName:EEC2AC1B System:CP2A Remote IP:11.3.2.2         (State <> ACTIVE) (Persisting),1+,4
52258,04.57.46 S0093400  DSNR035I  -DPW1 DSNRPBCW WARNING - UNCOMMITTED UR AFTER 9 CHECKPOINTS - CORRELATION NAME = DELMWH01 -           CONNECTION ID  = BATCH -           LUWID = BOCHQP.DPW1APPL.D5598AE63B31 = 2956 -           PLAN NAM,10+,9
52259,05.51.24 S0093013 *DSNB319A  -DP31 DSNB1CNE THERE IS A SHORTAGE OF SPACE *IN GROUP BUFFER POOL GBP32K1,1+,8
52260,05.48.25 S0093400  DSNR035I  -DPW1 DSNRPBCW WARNING - UNCOMMITTED UR AFTER 9 CHECKPOINTS - CORRELATION NAME = DELSWMSG -           CONNECTION ID  = BATCH -           LUWID = BOCHQP.DPW1APPL.D55997D42835 = 4001 -           PLAN NAM,10+,9
52261,05.36.52 J0114042 *IEF099I JOB A01S766B WAITING FOR DATA SETS,1+,0
52262,05.10.12 J0111576  +DBA:BANCS BIG SEGMENT TS FOUND!TSSPYO HAS 25 DATASETS(MAX 32) SYSJOB,1+,1
52263,05.10.12 J0111576  +DBA:BANCS BIG SEGMENT TS FOUND!TSSAFE HAS 22 DATASETS(MAX 32) SYSJOB,1+,1
52264,05.10.12 J0111576  +DBA:BANCS BIG SEGMENT TS FOUND!TSLMVU HAS 20 DATASETS(MAX 32) SYSJOB,1+,1
52265,05.08.01 J0111576  +DBA:BANCS BIG PARTITION TS FOUND!TSGECT PART 126 74.8% INUSE SYSJOB,1+,6
52266,05.08.02 J0111576  +DBA:BANCS BIG PARTITION TS FOUND!TSGECT PART 243 70.6% INUSE SYSJOB,1+,6
52267,05.08.03 J0111576  +DBA:BANCS BIG PARTITION TS FOUND!TSGECT PART 251 80.7% INUSE SYSJOB,1+,6
52268,05.08.01 J0111576  +DBA:BANCS BIG PARTITION TS FOUND!TSGECT PART 159 77.7% INUSE SYSJOB,1+,6
52269,05.08.01 J0111727 *IEF099I JOB AXBKOUT  WAITING FOR DATA SETS,1+,0
52270,05.08.03 J0111576  +DBA:BANCS BIG PARTITION TS FOUND!TSGECT PART 252 71.6% INUSE SYSJOB,1+,6
52271,05.07.59 J0111576  +DBA:BANCS BIG PARTITION TS FOUND!TSGECT PART 87 71.7% INUSE SYSJOB,1+,6
52272,05.08.00 J0111576  +DBA:BANCS BIG PARTITION TS FOUND!TSGECT PART 98 79.7% INUSE SYSJOB,1+,6
52273,05.04.16 J0111667  +DBA:EISS BIG SEGMENT TS FOUND!CGEN050P HAS 20 DATASETS(MAX 32) SYSJOB,1+,1
52274,05.04.16 J0111667  +DBA:EISS BIG SEGMENT TS FOUND!CGEN246P HAS 21 DATASETS(MAX 32) SYSJOB DATASETS(MAX 32) SYSJOB,1+,1
52275,05.04.16 J0111667  +DBA:EISS BIG SEGMENT TS FOUND!CGEN245P HAS 24 DATASETS(MAX 32) SYSJOB,1+,1
52276,05.04.16 J0111667  +DBA:EISS BIG SEGMENT TS FOUND!CGEN263P HAS 22 DATASETS(MAX 32) SYSJOB,1+,1
52277,05.04.15 J0111667  +DBA:EISS BIG SEGMENT TS FOUND!CGEN048P HAS 20 DATASETS(MAX 32) SYSJOB,1+,1
52278,06.58.12 J0115777 *IEF099I JOB G00S077B WAITING FOR DATA SETS,1+,0
52279,04.33.32 S0093400  DSNR035I  -DPW1 DSNRPBCW WARNING - UNCOMMITTED UR AFTER 3 CHECKPOINTS - CORRELATION NAME = DELMWH01 -           CONNECTION ID  = BATCH -           LUWID = BOCHQP.DPW1APPL.D5598AE63B31 = 2956 -           PLAN NAM,10+,9
52280,07.36.40 S0116360  DNFO1709E 2018-12-08 23:36:40 BOCOU01 DNF_O_FT   MSIF transfer service determined that the session for SnF queue \bkchcnbj_generic\ - is no longer active: -  State or reason  : \Sw.SnF.SessionClosed\ -  Session,10+,9
52281,"08.10.49 S0116365  DNIE4497E 2018-12-09 00:10:49 SYSOU DNI_SYSADM Exception without valid message ID; exception data: message catalog=\BIPmsgs\, error - number=\2666\, parameters=\[[-1][MQW101][2085][][QWP1 -",10+,9
52282,08.06.26 CP2D S0007542  BSOEXTPDSS0 SEV=WAR CP2C Data Set: SYS0.MLIB.PARMLIB EXTENTS = 16 (Exts > 12),1+,9
52283,"09.40.15 S0117117  DNIE4497E 2018-12-09 01:40:14 SYSOU DNI_SYSADM Exception without valid message ID; exception data: message catalog='BIPmsgs', error - number='2666', parameters='((-1)(MQW101)(2085)()(QWP1 -",10+,9
52284,09.05.49 S0093012 *DSNB319A  -DP3C DSNB1CNE THERE IS A SHORTAGE OF SPACE *IN GROUP BUFFER POOL GBP6,1+,8
52285,12.54.31 S0117112  DNFO1033E 2018-12-09 04:54:31 BOCOU01 DNF_O_FT 31323031383132389215973 0348794255405664443969726.562  SAG returned error information with - the following parameters: -  Code    : 'Sw.Wfa.SnlServerAppFailure' -,10+,9
52286,21.14.57 J0125827  +DBA:BANCS BIG SEGMENT TS FOUND!TSSPYO HAS 25 DATASETS(MAX 32) SYSJOB,1+,1
52287,21.14.57 J0125827  +DBA:BANCS BIG SEGMENT TS FOUND!TSSAFE HAS 22 DATASETS(MAX 32) SYSJOB,1+,1
52288,21.14.57 J0125827  +DBA:BANCS BIG SEGMENT TS FOUND!TSLMVU HAS 20 DATASETS(MAX 32) SYSJOB,1+,1
52289,21.13.44 J0125827  +DBA:BANCS BIG PARTITION TS FOUND!TSGECT PART 251 80.7% INUSE SYSJOB,1+,6
52290,21.13.45 J0125827  +DBA:BANCS BIG PARTITION TS FOUND!TSGECT PART 252 71.6% INUSE SYSJOB,1+,6
52291,21.13.44 J0125827  +DBA:BANCS BIG PARTITION TS FOUND!TSGECT PART 159 78.1% INUSE SYSJOB,1+,6
52292,21.13.43 J0125827  +DBA:BANCS BIG PARTITION TS FOUND!TSGECT PART 126 74.8% INUSE SYSJOB,1+,6
52293,21.13.43 J0125827  +DBA:BANCS BIG PARTITION TS FOUND!TSGECT PART 98 79.7% INUSE SYSJOB,1+,6
52294,21.13.44 J0125827  +DBA:BANCS BIG PARTITION TS FOUND!TSGECT PART 243 70.6% INUSE SYSJOB,1+,6
52295,21.13.42 J0125827  +DBA:BANCS BIG PARTITION TS FOUND!TSGECT PART 87 71.8% INUSE SYSJOB,1+,6
52296,21.11.31 J0125903 *IEF099I JOB NA100006 WAITING FOR DATA SETS,1+,0
52297,21.04.10 J0125791  +DBA:EISS BIG SEGMENT TS FOUND!CGEN048P HAS 20 DATASETS(MAX 32) SYSJOB,1+,1
52298,21.04.10 J0125791  +DBA:EISS BIG SEGMENT TS FOUND!CGEN263P HAS 22 DATASETS(MAX 32) SYSJOB,1+,1
52299,21.04.10 J0125791  +DBA:EISS BIG SEGMENT TS FOUND!CGEN050P HAS 20 DATASETS(MAX 32) SYSJOB,1+,1
52300,21.04.10 J0125791  +DBA:EISS BIG SEGMENT TS FOUND!CGEN245P HAS 24 DATASETS(MAX 32) SYSJOB,1+,1
52301,21.04.10 J0125791  +DBA:EISS BIG SEGMENT TS FOUND!CGEN246P HAS 21 DATASETS(MAX 32) SYSJOB,1+,1
52302,"E2E:2018-12-09 22:06:08,896 ERROR [com.e2e.dc.service.impl.GetLogDataImpl] - Got SQL exception : java.sql.SQLException: ORA-12592: TNS:bad packet",10+,9
52303,23.56.16 J0137894 *IEF099I JOB G01S663B WAITING FOR DATA SETS,1+,0
52304,23.56.11 S0093013  DSNR035I  -DP31 DSNRPBCW WARNING - UNCOMMITTED UR AFTER 3 CHECKPOINTS - CORRELATION NAME = ME980000 -           CONNECTION ID  = DB2CALL -           LUWID = BOCHQP.DP31APPL.D55A90690EFD = 102972 -           PLAN,10+,9
52305,00.34.47 J0138211 *IEF099I JOB SA060000 WAITING FOR DATA SETS,1+,0
52306,01.34.23 J0143942 *IEF099I JOB P1ZOSDL  WAITING FOR DATA SETS,1+,0
52307,01.28.40 CP2B J0090222 *IEF099I JOB TMZ60000 WAITING FOR DATA SETS,1+,0
52308,"01.17.50 CP2A           IOS080I 2383,45,C2ME9000, I/O TIMEOUT INTERVAL HAS BEEN EXCEEDED FOR AN ACTIVE REQUEST. DATASET NAME=PRDCBS.BBCQ.FIBAIFP.ET094301",1+,4
52309,01.05.02 CP3B J0091284 *IEF099I JOB SMFMRGCI WAITING FOR DATA SETS,1+,0
52310,02.53.42 CP2C J0121317 *IEF099I JOB C4CARD00 WAITING FOR DATA SETS,1+,0
52311,02.15.01 CP3B J0099354 *IEF099I JOB RMFRPTD3 WAITING FOR DATA SETS,1+,0
52312,"02.03.57 CP2C           IOS080I 47B0,EE,C4042115, I/O TIMEOUT INTERVAL HAS BEEN EXCEEDED FOR AN ACTIVE REQUEST. DATASET NAME=PRDC64R.LVEQ.ET.ETQD2042.A1105",1+,4
52313,"03.58.39 J0158373  IEC205I SYS00003,ONLJRIM,DSNBPROC,FILESEQ=21, COMPLETE VOLUME LIST, DSN=BACKUPP1.ONL.TSIMGF.D181209.H19,VOLS=S29186,TOTALBLOCKS=35 - THE CONDITION THAT CAUSED THE PREVIOUS DSNB355I MESSAGE DOES NOT - CURRENTLY E",100+,9
52314,"03.49.12 CP2C           IOS080I 4CB4,AC,ZZ223215, I/O TIMEOUT INTERVAL HAS BEEN EXCEEDED FOR AN ACTIVE REQUEST. DATASET NAME=PRDDEDPR.SPLIT.INVM.UL873215",1+,4
52315,05.50.35 J0161830 *IEF099I JOB G01S015B WAITING FOR DATA SETS,1+,0
52316,05.34.28 J0161454 *IEF099I JOB G0FSP008 WAITING FOR DATA SETS,1+,0
52317,05.09.31 J0161013 *IEF099I JOB AXBKOUT  WAITING FOR DATA SETS,1+,0
52318,05.06.05 J0160821  +DBA:BANCS BIG SEGMENT TS FOUND!TSSPYO HAS 25 DATASETS(MAX 32) SYSJOB,1+,1
52319,05.06.05 J0160821  +DBA:BANCS BIG SEGMENT TS FOUND!TSSAFE HAS 22 DATASETS(MAX 32) SYSJOB,1+,1
52320,05.06.05 J0160821  +DBA:BANCS BIG SEGMENT TS FOUND!TSLMVU HAS 20 DATASETS(MAX 32) SYSJOB,1+,1
52321,05.04.49 J0160821  +DBA:BANCS BIG PARTITION TS FOUND!TSGECT PART 87 71.8% INUSE SYSJOB,1+,6
52322,05.04.49 J0160821  +DBA:BANCS BIG PARTITION TS FOUND!TSGECT PART 98 79.7% INUSE SYSJOB Volume FK0884 (/tapelibPRODHSH/DD1_POOL02_FS5/FK0884) already scratched,10+,6
52323,05.04.50 J0160821  +DBA:BANCS BIG PARTITION TS FOUND!TSGECT PART 126 74.8% INUSE SYSJOB,1+,6
52324,05.04.51 J0160821  +DBA:BANCS BIG PARTITION TS FOUND!TSGECT PART 251 80.7% INUSE SYSJOB,1+,6
52325,05.04.50 J0160821  +DBA:BANCS BIG PARTITION TS FOUND!TSGECT PART 243 70.6% INUSE SYSJOB,1+,6
52326,05.04.50 J0160821  +DBA:BANCS BIG PARTITION TS FOUND!TSGECT PART 159 78.1% INUSE SYSJOB,1+,6
52327,05.04.10 J0160922  +DBA:EISS BIG SEGMENT TS FOUND!CGEN245P HAS 24 DATASETS(MAX 32) SYSJOB,1+,1
52328,05.04.10 J0160922  +DBA:EISS BIG SEGMENT TS FOUND!CGEN050P HAS 20 DATASETS(MAX 32) SYSJOB,1+,1
52329,05.04.10 J0160922  +DBA:EISS BIG SEGMENT TS FOUND!CGEN246P HAS 21 DATASETS(MAX 32) SYSJOB,1+,1
52330,05.04.10 J0160922  +DBA:EISS BIG SEGMENT TS FOUND!CGEN263P HAS 22 DATASETS(MAX 32) SYSJOB,1+,1
52331,05.04.10 J0160922  +DBA:EISS BIG SEGMENT TS FOUND!CGEN048P HAS 20 DATASETS(MAX 32) SYSJOB,1+,1
52332,06.48.01 CP3D J0136861 *IEF099I JOB DEDPIT31 WAITING FOR DATA SETS,1+,0
52333,06.08.22 J0161959 *IEF099I JOB G01S501A WAITING FOR DATA SETS,1+,0
52334,07.30.36 S0117117  DNFO1033E 2018-12-09 23:30:36 BOCOU01 DNF_O_FT 31323031383132389215973 0348794255405664443969726.562  SAG returned error information with - the following parameters: -  Code    : 'Sw.Wfa.SnlServerAppFailure' -,10+,9
52335,08.06.23 CP2D S0007542  BSOEXTPDSS0 SEV=WAR CP2C Data Set: SYS0.MLIB.PARMLIB EXTENTS = 16 (Exts > 12),1+,9
52336,21.18.38 J0036234 *IEF099I JOB NMFLAGRP WAITING FOR DATA SETS,1+,0
52337,21.14.49 J0036101  +DBA:BANCS BIG SEGMENT TS FOUND!TSLMVU HAS 20 DATASETS(MAX 32) SYSJOB,1+,1
52338,21.14.49 J0036101  +DBA:BANCS BIG SEGMENT TS FOUND!TSSPYO HAS 25 DATASETS(MAX 32) SYSJOB,1+,1
52339,21.14.49 J0036101  +DBA:BANCS BIG SEGMENT TS FOUND!TSSAFE HAS 22 DATASETS(MAX 32) SYSJOB,1+,1
52340,21.13.33 J0036101  +DBA:BANCS BIG PARTITION TS FOUND!TSGECT PART 252 71.9% INUSE SYSJOB,1+,6
52341,21.13.32 J0036101  +DBA:BANCS BIG PARTITION TS FOUND!TSGECT PART 159 78.9% INUSE SYSJOB,1+,6
52342,21.13.33 J0036101  +DBA:BANCS BIG PARTITION TS FOUND!TSGECT PART 251 80.8% INUSE SYSJOB,1+,6
52343,21.13.32 J0036101  +DBA:BANCS BIG PARTITION TS FOUND!TSGECT PART 243 70.7% INUSE SYSJOB,1+,6
52344,21.13.30 J0036101  +DBA:BANCS BIG PARTITION TS FOUND!TSGECT PART 87 72.3% INUSE SYSJOB,1+,6
52345,21.13.31 J0036101  +DBA:BANCS BIG PARTITION TS FOUND!TSGECT PART 126 75.0% INUSE SYSJOB,1+,6
52346,21.13.31 J0036101  +DBA:BANCS BIG PARTITION TS FOUND!TSGECT PART 98 80.0% INUSE SYSJOB 126 75.0% INUSE,1+,6
52347,21.11.35 J0036172 *IEF099I JOB NA100006 WAITING FOR DATA SETS,1+,0
52348,21.04.11 J0036046  +DBA:EISS BIG SEGMENT TS FOUND!CGEN263P HAS 22 DATASETS(MAX 32) SYSJOB,1+,1
52349,21.04.11 J0036046  +DBA:EISS BIG SEGMENT TS FOUND!CGEN245P HAS 24 DATASETS(MAX 32) SYSJOB,1+,1
52350,21.04.11 J0036046  +DBA:EISS BIG SEGMENT TS FOUND!CGEN050P HAS 20 DATASETS(MAX 32) SYSJOB,1+,1
52351,21.04.11 J0036046  +DBA:EISS BIG SEGMENT TS FOUND!CGEN048P HAS 20 DATASETS(MAX 32) SYSJOB,1+,1
52352,21.04.11 J0036046  +DBA:EISS BIG SEGMENT TS FOUND!CGEN246P HAS 21 DATASETS(MAX 32) SYSJOB,1+,1
52353,"23.43.07 S0092568  DSNB356I  -DP11 DSNB5SCO FOR GROUP BUFFER POOL GBP4, THE CONDITION THAT CAUSED THE PREVIOUS DSNB355I MESSAGE DOES NOT CURRENTLY EXIST. - PREVIOUS PAGE LEVEL   = 00D55BCFDB7B0B000000 23:34:56 DEC 10, 2018 - CURRE",10+,8
52354,23.28.02 J0047220 *IEF099I JOB G01S663B WAITING FOR DATA SETS,1+,0
52355,00.34.32 J0048591 *IEF099I JOB SA060000 WAITING FOR DATA SETS,1+,0
52356,00.04.53 S0093013  DSNR035I  -DP31 DSNRPBCW WARNING - UNCOMMITTED UR AFTER 3 CHECKPOINTS - CORRELATION NAME = ME980000 -           CONNECTION ID  = DB2CALL -           LUWID = BOCHQP.DP31APPL.D55BD172F337 = 110494 -           PLAN,10+,9
52357,"01.51.27 CP2B           IOS080I 4CE1,A5,C3MRJR00, I/O TIMEOUT INTERVAL HAS BEEN EXCEEDED FOR AN ACTIVE REQUEST. DATASET NAME=PRDC64R.LVEQ.ET.ETQDJR26",1+,4
52358,01.41.05 J0053836 *IEF099I JOB P1ZOSDL  WAITING FOR DATA SETS,1+,0
52359,01.21.19 CP2C J0159156 *IEF099I JOB TMZ60000 WAITING FOR DATA SETS,1+,0
52360,01.05.04 CP3B J0004145 *IEF099I JOB SMFMRGCI WAITING FOR DATA SETS,1+,0
52361,01.05.04 J0052811 *IEF099I JOB SMFMRGCI WAITING FOR DATA SETS,1+,0
52362,02.23.28 J0065874 *IEF099I JOB P1CICSDL WAITING FOR DATA SETS,1+,0
52363,02.15.03 CP3A J0010438 *IEF099I JOB RMFRPTD3 WAITING FOR DATA SETS,1+,0
52364,02.03.19 J0057917 *IEF099I JOB G01S506B WAITING FOR DATA SETS,1+,0
52365,"03.53.01 CP2D           IOS080I 14E9,84,AM300004, I/O TIMEOUT INTERVAL HAS BEEN EXCEEDED FOR AN ACTIVE REQUEST. DATASET NAME=PRDC64R.LVEQ.TEMP.AM200475.S01",1+,4
52366,03.39.08 CP3C S0048685  BZTPJSTRCS0 SEV=WAR ALL Jobname: EDGJSLU3 (CondCode > 4) OR (Abend Code <> '')         带库管理软件地址空间及批量备份作业返回码监控,10+,9
52367,04.11.46 J0070069 *IEF099I JOB G0FSP008 WAITING FOR DATA SETS,1+,0
52368,05.25.49 J0071251 *IEF099I JOB A01S766B WAITING FOR DATA SETS,1+,0
52369,05.16.36 J0071141 *IEF099I JOB AXBKOUT  WAITING FOR DATA SETS,1+,0
52370,05.06.46 J0070863  +DBA:BANCS BIG SEGMENT TS FOUND!TSSPYO HAS 25 DATASETS(MAX 32) SYSJOB,1+,1
52371,05.05.07 J0070863  +DBA:BANCS BIG PARTITION TS FOUND!TSGECT PART 98 80.0% INUSE SYSJOB,1+,6
52372,05.05.07 J0070863  +DBA:BANCS BIG PARTITION TS FOUND!TSGECT PART 126 75.0% INUSE SYSJOB,1+,6
52373,05.05.09 J0070863  +DBA:BANCS BIG PARTITION TS FOUND!TSGECT PART 243 70.7% INUSE SYSJOB BOCHSM.HMIGTAPE.DATASET - RACK=L55111,1+,6
52374,05.05.09 J0070863  +DBA:BANCS BIG PARTITION TS FOUND!TSGECT PART 251 80.8% INUSE SYSJOB,1+,6
52375,05.04.12 J0070923  +DBA:EISS BIG SEGMENT TS FOUND!CGEN245P HAS 24 DATASETS(MAX 32) SYSJOB,1+,1
52376,05.04.12 J0070923  +DBA:EISS BIG SEGMENT TS FOUND!CGEN050P HAS 20 DATASETS(MAX 32) SYSJOB,1+,1
52377,05.04.12 J0070923  +DBA:EISS BIG SEGMENT TS FOUND!CGEN263P HAS 22 DATASETS(MAX 32) SYSJOB,1+,1
52378,05.04.12 J0070923  +DBA:EISS BIG SEGMENT TS FOUND!CGEN048P HAS 20 DATASETS(MAX 32) SYSJOB,1+,1
52379,05.04.12 J0070923  +DBA:EISS BIG SEGMENT TS FOUND!CGEN246P HAS 21 DATASETS(MAX 32) SYSJOB,1+,1
52380,07.51.08 J0072695 *IEF099I JOB G02S138D WAITING FOR DATA SETS,1+,0
52381,08.06.26 CP2D S0007542  BSOEXTPDSS0 SEV=WAR CP2C Data Set: SYS0.MLIB.PARMLIB EXTENTS = 16 (Exts > 12),1+,9
52382,12.32.47 S0093536  DSNR035I  -DP41 DSNRPBCW WARNING - UNCOMMITTED UR AFTER 3 CHECKPOINTS - CORRELATION NAME = TF003402 -           CONNECTION ID  = BATCH -           LUWID = BOCHQP.DP41APPL.D55C7BA674CD = 97075 -           AUTHID,10+,9
52383,E2E: 19.35.40 S0092559  BZLOGDCALS0 SEV=WAR CP1F Jobname: CYTALG14 IS NOT ACTIVE        端到端主机Log DC地址空间下宕。,10+,9
52384,21.15.13 J0126320  +DBA:BANCS BIG SEGMENT TS FOUND!TSLMVU HAS 20 DATASETS(MAX 32) SYSJOB,1+,1
52385,21.15.13 J0126320  +DBA:BANCS BIG SEGMENT TS FOUND!TSSPYO HAS 26 DATASETS(MAX 32) SYSJOB,1+,1
52386,21.15.13 J0126320  +DBA:BANCS BIG SEGMENT TS FOUND!TSSAFE HAS 22 DATASETS(MAX 32) SYSJOB,1+,1
52387,21.14.06 J0126320  +DBA:BANCS BIG PARTITION TS FOUND!TSGECT PART 251 81.0% INUSE SYSJOB,1+,6
52388,21.14.07 J0126320  +DBA:BANCS BIG PARTITION TS FOUND!TSGECT PART 252 72.1% INUSE SYSJOB,1+,6
52389,21.14.05 J0126320  +DBA:BANCS BIG PARTITION TS FOUND!TSGECT PART 98 80.2% INUSE SYSJOB,1+,6
52390,21.14.06 J0126320  +DBA:BANCS BIG PARTITION TS FOUND!TSGECT PART 159 79.5% INUSE SYSJOB,1+,6
52391,21.14.05 J0126320  +DBA:BANCS BIG PARTITION TS FOUND!TSGECT PART 126 75.3% INUSE SYSJOB,1+,6
52392,21.14.06 J0126320  +DBA:BANCS BIG PARTITION TS FOUND!TSGECT PART 243 70.8% INUSE SYSJOB,1+,6
52393,21.14.05 J0126320  +DBA:BANCS BIG PARTITION TS FOUND!TSGECT PART 87 72.7% INUSE SYSJOB,1+,6
52394,21.12.20 J0126395 *IEF099I JOB NA100006 WAITING FOR DATA SETS,1+,0
52395,21.04.10 J0126276  +DBA:EISS BIG SEGMENT TS FOUND!CGEN263P HAS 22 DATASETS(MAX 32) SYSJOB,1+,1
52396,21.04.10 J0126276  +DBA:EISS BIG SEGMENT TS FOUND!CGEN050P HAS 20 DATASETS(MAX 32) SYSJOB,1+,1
52397,21.04.10 J0126276  +DBA:EISS BIG SEGMENT TS FOUND!CGEN048P HAS 20 DATASETS(MAX 32) SYSJOB,1+,1
52398,21.04.10 J0126276  +DBA:EISS BIG SEGMENT TS FOUND!CGEN246P HAS 21 DATASETS(MAX 32) SYSJOB,1+,1
52399,21.04.10 J0126276  +DBA:EISS BIG SEGMENT TS FOUND!CGEN245P HAS 24 DATASETS(MAX 32) SYSJOB,1+,1
52400,23.10.58 J0133585 *IEF099I JOB G01S663B WAITING FOR DATA SETS,1+,0
52401,"00.40.02 CP2D S0007543 *IOS003A 24AB,INTERVENTION REQUIRED",10+,9
52402,"00.40.02 CP2D S0007543 *IOS003A 24AA,INTERVENTION REQUIRED",10+,9
52403,"*00.40.01 CP2D S0007543 *IOS003A 1E13,INTERVENTION REQUIRED",10+,9
52404,"00.40.01 CP2D S0007543 *IOS003A 1E14,INTERVENTION REQUIRED",100+,9
52405,"*00.40.02 CP2D S0007543 *IOS003A 24AA,INTERVENTION REQUIRED",10+,9
52406,"00.40.01 CP2D S0007543 *IOS003A 1E13,INTERVENTION REQUIRED",10+,9
52407,01.35.35 S0092569  DSNR035I  -DP51 DSNRPBCW WARNING - UNCOMMITTED UR AFTER 3 CHECKPOINTS - CORRELATION NAME = ME980000 -           CONNECTION ID  = DB2CALL -           LUWID = BOCHQP.DP51APPL.D55D25654EF8 = 115576 -           PLAN,10+,9
52408,01.16.16 J0138914 *IEF099I JOB SA040000 WAITING FOR DATA SETS,1+,0
52409,01.05.03 CP3B J0118225 *IEF099I JOB SMFMRGCI WAITING FOR DATA SETS,1+,0
52410,"02.49.43 CP2B           IOS080I 4CBA,AC,C4041373, I/O TIMEOUT INTERVAL HAS BEEN EXCEEDED FOR AN ACTIVE REQUEST. DATASET NAME=PRDC64R.LVEQ.ET.ETQD2041.A3703",1+,4
52411,02.33.33 J0144246 *IEF099I JOB G01S506B WAITING FOR DATA SETS,1+,0
52412,02.30.02 J0144189 *IEF099I JOB SMFMRGCI WAITING FOR DATA SETS,1+,0
52413,02.30.03 J0144188 *IEF099I JOB SMFMRGDB WAITING FOR DATA SETS,1+,0
52414,02.14.44 CP2A J0028567 *IEF099I JOB TMZ60000 WAITING FOR DATA SETS,1+,0
52415,03.55.17 CP2D J0060051 *IEF099I JOB C4CARD01 WAITING FOR DATA SETS,1+,0
52416,03.44.04 J0156399 *IEF099I JOB P1CICSDL WAITING FOR DATA SETS,1+,0
52417,03.34.07 CP3C S0048685  BZTPJSTRCS0 SEV=WAR ALL Jobname: EDGJSLU3 (CondCode > 4) OR (Abend Code <> '')         带库管理软件地址空间及批量备份作业返回码监控,10+,9
52418,03.08.18 J0152082 *IEF099I JOB P1ZOSDL  WAITING FOR DATA SETS,1+,0
52419,05.14.54 J0160852 *IEF099I JOB AXBKOUT  WAITING FOR DATA SETS,1+,0
52420,05.07.49 J0160221  +DBA:BANCS BIG SEGMENT TS FOUND!TSSAFE HAS 22 DATASETS(MAX 32) SYSJOB,1+,1
52421,05.07.49 J0160221  +DBA:BANCS BIG SEGMENT TS FOUND!TSSPYO HAS 26 DATASETS(MAX 32) SYSJOB,1+,1
52422,05.07.48 J0160221  +DBA:BANCS BIG SEGMENT TS FOUND!TSLMVU HAS 20 DATASETS(MAX 32) SYSJOB,1+,1
52423,05.06.06 J0160221  +DBA:BANCS BIG PARTITION TS FOUND!TSGECT PART 159 79.6% INUSE SYSJOB,1+,6
52424,05.06.07 J0160221  +DBA:BANCS BIG PARTITION TS FOUND!TSGECT PART 251 81.0% INUSE SYSJOB,1+,6
52425,05.06.07 J0160221  +DBA:BANCS BIG PARTITION TS FOUND!TSGECT PART 243 70.8% INUSE SYSJOB,1+,6
52426,05.06.06 J0160221  +DBA:BANCS BIG PARTITION TS FOUND!TSGECT PART 126 75.3% INUSE SYSJOB,1+,6
52427,05.06.08 J0160221  +DBA:BANCS BIG PARTITION TS FOUND!TSGECT PART 252 72.1% INUSE SYSJOB,1+,6
52428,05.06.05 J0160221  +DBA:BANCS BIG PARTITION TS FOUND!TSGECT PART 98 80.2% INUSE SYSJOB,1+,6
52429,05.06.05 J0160221  +DBA:BANCS BIG PARTITION TS FOUND!TSGECT PART 87 72.7% INUSE SYSJOB,1+,6
52430,05.04.13 J0160298  +DBA:EISS BIG SEGMENT TS FOUND!CGEN048P HAS 20 DATASETS(MAX 32) SYSJOB,1+,1
52431,05.04.13 J0160298  +DBA:EISS BIG SEGMENT TS FOUND!CGEN050P HAS 20 DATASETS(MAX 32) SYSJOB,1+,1
52432,05.04.13 J0160298  +DBA:EISS BIG SEGMENT TS FOUND!CGEN246P HAS 21 DATASETS(MAX 32) SYSJOB,1+,1
52433,05.04.13 J0160298  +DBA:EISS BIG SEGMENT TS FOUND!CGEN245P HAS 24 DATASETS(MAX 32) SYSJOB,1+,1
52434,"06.22.36 CP3D J0150607 *IEF099I JOB DEDPPL23 WAITING FOR DATA SETS WEDNESDAY, DECEMBER 12, 2018",1+,0
52435,07.32.49 J0162454 *IEF099I JOB G00S077B WAITING FOR DATA SETS,1+,0
52436,07.05.02 CP2D S0007542  BSVOLDSNSS0 SEV=WAR CP2D Volser: P12679 TotalDSNs:10098 (TotalDSNs > 10000),1+,3
52437,07.05.03 S0093383  BSVOLDSNSS0 SEV=WAR CP1D Volser: P1267A TotalDSNs:10013 (TotalDSNs > 10000),1+,3
52438,07.05.02 CP2D S0007542  BSVOLDSNSS0 SEV=WAR CP2D Volser: P12291 TotalDSNs:10002 (TotalDSNs > 10000),1+,3
52439,07.05.03 S0093383  BSVOLDSNSS0 SEV=WAR CP1D Volser: P12679 TotalDSNs:10142 (TotalDSNs > 10000),1+,3
52440,07.05.03 S0093383  BSVOLDSNSS0 SEV=WAR CP1D Volser: P12291 TotalDSNs:10059 (TotalDSNs > 10000),1+,3
52441,07.05.03 S0093383  BSVOLDSNSS0 SEV=WAR CP1D Volser: P12E37 TotalDSNs:10013 (TotalDSNs > 10000),1+,3
52442,08.16.08 CP3C J0176098 *IEF099I JOB DEDPRS23 WAITING FOR DATA SETS,1+,0
52443,08.06.30 CP2D S0007542  BSOEXTPDSS0 SEV=WAR CP2C Data Set: SYS0.MLIB.PARMLIB EXTENTS = 16 (Exts > 12),1+,9
52444,13.06.20 CP3C S0048456  +CSQX599E !QP1S CSQXRESP Channel TIMCLU.QP0S ended abnormally connection 21.125.38.168,10+,9
52445,"13.06.20 CP3C S0048456  +CSQX208E !QP1S CSQXRESP Error receiving data, channel TIMCLU.QP0S connection 21.125.38.168 -  (queue manager QP0S) -  TRPTYPE=TCP RC=00000461 (ECONNRESET) reason=769E0291",10+,9
52446,21.15.33 J0014350  +DBA:BANCS BIG SEGMENT TS FOUND!TSSPYO HAS 26 DATASETS(MAX 32) SYSJOB,1+,1
52447,21.15.32 J0014350  +DBA:BANCS BIG SEGMENT TS FOUND!TSLMVU HAS 20 DATASETS(MAX 32) SYSJOB,1+,1
52448,21.15.33 J0014350  +DBA:BANCS BIG SEGMENT TS FOUND!TSSAFE HAS 22 DATASETS(MAX 32) SYSJOB,1+,1
52449,21.14.14 J0014350  +DBA:BANCS BIG PARTITION TS FOUND!TSGECT PART 159 80.2% INUSE SYSJOB,1+,6
52450,21.14.13 J0014350  +DBA:BANCS BIG PARTITION TS FOUND!TSGECT PART 126 75.5% INUSE SYSJOB,1+,6
52451,21.14.15 J0014350  +DBA:BANCS BIG PARTITION TS FOUND!TSGECT PART 252 72.3% INUSE SYSJOB,1+,6
52452,21.14.12 J0014350  +DBA:BANCS BIG PARTITION TS FOUND!TSGECT PART 87 73.0% INUSE SYSJOB,1+,6
52453,21.14.15 J0014350  +DBA:BANCS BIG PARTITION TS FOUND!TSGECT PART 251 81.1% INUSE SYSJOB,1+,6
52454,21.14.14 J0014350  +DBA:BANCS BIG PARTITION TS FOUND!TSGECT PART 243 70.9% INUSE SYSJOB,1+,6
52455,21.12.20 J0014427 *IEF099I JOB NA100006 WAITING FOR DATA SETS,1+,0
52456,21.04.11 J0014303  +DBA:EISS BIG SEGMENT TS FOUND!CGEN246P HAS 21 DATASETS(MAX 32) SYSJOB,1+,1
52457,21.04.11 J0014303  +DBA:EISS BIG SEGMENT TS FOUND!CGEN263P HAS 22 DATASETS(MAX 32) SYSJOB,1+,1
52458,21.04.11 J0014303  +DBA:EISS BIG SEGMENT TS FOUND!CGEN245P HAS 24 DATASETS(MAX 32) SYSJOB,1+,1
52459,21.04.11 J0014303  +DBA:EISS BIG SEGMENT TS FOUND!CGEN050P HAS 20 DATASETS(MAX 32) SYSJOB,1+,1
52460,21.04.11 J0014303  +DBA:EISS BIG SEGMENT TS FOUND!CGEN048P HAS 20 DATASETS(MAX 32) SYSJOB,1+,1
52461,"E2E:2018-12-12 22:20:49,604 ERROR [com.e2e.dc.service.impl.GetLogDataImpl] - Got SQL exception : java.sql.SQLException: ORA-12592: TNS:bad packet",10+,9
52462,"23.47.55 S0092568  DSNB356I  -DP11 DSNB5SCO FOR GROUP BUFFER POOL GBP4, THE CONDITION THAT CAUSED THE PREVIOUS DSNB355I MESSAGE DOES NOT CURRENTLY EXIST. - PREVIOUS PAGE LEVEL   = 00D55E5455F349000000 23:38:16 DEC 12, 2018 - CURRE",10+,8
52463,23.18.44 J0022166 *IEF099I JOB G01S663B WAITING FOR DATA SETS,1+,0
52464,00.16.40 S0093402  DSNR035I  -DP21 DSNRPBCW WARNING - UNCOMMITTED UR AFTER 3 CHECKPOINTS - CORRELATION NAME = ME980000 -           CONNECTION ID  = DB2CALL -           LUWID = BOCHQP.DP21APPL.D55E57696A2A = 127419 -           PLAN,10+,9
52465,00.08.19 J0026570 *IEF099I JOB CXBNUTLL WAITING FOR DATA SETS,1+,0
52466,01.32.24 CP2B J0098047 *IEF099I JOB TMZ60000 WAITING FOR DATA SETS,1+,0
52467,01.05.02 CP3B J0031512 *IEF099I JOB SMFMRGCI WAITING FOR DATA SETS,1+,0
52468,02.46.48 J0044048 *IEF099I JOB G01S506B WAITING FOR DATA SETS,1+,0
52469,02.30.03 J0043970 *IEF099I JOB SMFMRGDB WAITING FOR DATA SETS,1+,0
52470,02.30.02 J0043971 *IEF099I JOB SMFMRGCI WAITING FOR DATA SETS,1+,0
52471,02.15.01 CP3B J0037708 *IEF099I JOB RMFRPTD3 WAITING FOR DATA SETS,1+,0
52472,"02.06.56 CP2D           IOS080I 23BF,57,C4041313, I/O TIMEOUT INTERVAL HAS BEEN EXCEEDED FOR AN ACTIVE REQUEST. DATASET NAME=PRDC64R.LVEQ.ET.ETQD2041.A3103",1+,4
52473,03.53.24 J0047134 *IEF099I JOB P1CICSDL WAITING FOR DATA SETS,1+,0
52474,03.16.00 S0093401 *DSNB319A  -DP61 DSNB1CNE THERE IS A SHORTAGE OF SPACE *IN GROUP BUFFER POOL GBP32K1,1+,8
52475,03.05.42 J0044540 *IEF099I JOB P1ZOSDL  WAITING FOR DATA SETS,1+,0
52476,04.42.36 J0048726 *IEF099I JOB G01S255B WAITING FOR DATA SETS Volume FJ9906 (/tapelibPRODHSH/DD1_POOL02_FS1/FJ9906) already scratched,10+,0
52477,05.15.51 J0048825  +DBA:BANCS BIG SEGMENT TS FOUND!TSSPYO HAS 26 DATASETS(MAX 32) SYSJOB,1+,1
52478,05.15.51 J0048825  +DBA:BANCS BIG SEGMENT TS FOUND!TSSAFE HAS 22 DATASETS(MAX 32) SYSJOB,1+,1
52479,05.15.51 J0048825  +DBA:BANCS BIG SEGMENT TS FOUND!TSLMVU HAS 20 DATASETS(MAX 32) SYSJOB,1+,1
52480,05.14.14 J0048825  +DBA:BANCS BIG PARTITION TS FOUND!TSGECT PART 252 72.3% INUSE SYSJOB,1+,6
52481,05.14.12 J0048825  +DBA:BANCS BIG PARTITION TS FOUND!TSGECT PART 159 80.2% INUSE SYSJOB,1+,6
52482,05.14.13 J0048825  +DBA:BANCS BIG PARTITION TS FOUND!TSGECT PART 243 70.9% INUSE SYSJOB,1+,6
52483,05.14.12 J0048825  +DBA:BANCS BIG PARTITION TS FOUND!TSGECT PART 126 75.5% INUSE SYSJOB,1+,6
52484,05.14.11 J0048825  +DBA:BANCS BIG PARTITION TS FOUND!TSGECT PART 87 73.1% INUSE SYSJOB,1+,6
52485,05.14.11 J0048825  +DBA:BANCS BIG PARTITION TS FOUND!TSGECT PART 98 80.5% INUSE SYSJOB Volume FK9449 (/tapelibPRODHSH/DD1_POOL02_FS7/FK9449) already scratched,10+,6
52486,05.04.13 J0049072  +DBA:EISS BIG SEGMENT TS FOUND!CGEN050P HAS 20 DATASETS(MAX 32) SYSJOB,1+,1
52487,05.04.13 J0049072  +DBA:EISS BIG SEGMENT TS FOUND!CGEN048P HAS 20 DATASETS(MAX 32) SYSJOB,1+,1
52488,05.04.13 J0049072  +DBA:EISS BIG SEGMENT TS FOUND!CGEN263P HAS 22 DATASETS(MAX 32) SYSJOB,1+,1
52489,05.04.13 J0049072  +DBA:EISS BIG SEGMENT TS FOUND!CGEN246P HAS 21 DATASETS(MAX 32) SYSJOB,1+,1
52490,05.04.13 J0049072  +DBA:EISS BIG SEGMENT TS FOUND!CGEN245P HAS 24 DATASETS(MAX 32) SYSJOB,1+,1
52491,06.04.45 J0049952 *IEF099I JOB AXBKOUT  WAITING FOR DATA SETS,1+,0
52492,08.06.28 CP2D S0007542  BSOEXTPDSS0 SEV=WAR CP2C Data Set: SYS0.MLIB.PARMLIB EXTENTS = 16 (Exts > 12),1+,9
52493,11.27.02 S0092569  DSNR035I  -DP51 DSNRPBCW WARNING - UNCOMMITTED UR AFTER 3 CHECKPOINTS - CORRELATION NAME = TF000902 -           CONNECTION ID  = BATCH -           LUWID = BOCHQP.DP51APPL.D55EEFD984D1 = 158051 -           PLAN N,10+,9
52494,21.15.42 J0105560  +DBA:BANCS BIG SEGMENT TS FOUND!TSSPYO HAS 26 DATASETS(MAX 32) SYSJOB,1+,1
52495,21.15.42 J0105560  +DBA:BANCS BIG SEGMENT TS FOUND!TSSAFE HAS 22 DATASETS(MAX 32) SYSJOB,1+,1
52496,21.15.42 J0105560  +DBA:BANCS BIG SEGMENT TS FOUND!TSLMVU HAS 20 DATASETS(MAX 32) SYSJOB,1+,1
52497,21.14.19 J0105560  +DBA:BANCS BIG PARTITION TS FOUND!TSGECT PART 98 80.7% INUSE SYSJOB,1+,6
52498,21.14.22 J0105560  +DBA:BANCS BIG PARTITION TS FOUND!TSGECT PART 251 81.1% INUSE SYSJOB,1+,6
52499,21.14.19 J0105560  +DBA:BANCS BIG PARTITION TS FOUND!TSGECT PART 87 73.4% INUSE SYSJOB,1+,6
52500,21.14.22 J0105560  +DBA:BANCS BIG PARTITION TS FOUND!TSGECT PART 252 72.5% INUSE SYSJOB,1+,6
52501,21.14.20 J0105560  +DBA:BANCS BIG PARTITION TS FOUND!TSGECT PART 126 75.7% INUSE SYSJOB,1+,6
52502,21.14.20 J0105560  +DBA:BANCS BIG PARTITION TS FOUND!TSGECT PART 159 80.8% INUSE SYSJOB,1+,6
52503,21.14.21 J0105560  +DBA:BANCS BIG PARTITION TS FOUND!TSGECT PART 169 70.0% INUSE SYSJOB,1+,6
52504,21.14.21 J0105560  +DBA:BANCS BIG PARTITION TS FOUND!TSGECT PART 243 70.9% INUSE SYSJOB,1+,6
52505,21.11.49 J0105643 *IEF099I JOB NA100006 WAITING FOR DATA SETS,1+,0
52506,21.04.12 J0105517  +DBA:EISS BIG SEGMENT TS FOUND!CGEN246P HAS 21 DATASETS(MAX 32) SYSJOB,1+,1
52507,21.04.12 J0105517  +DBA:EISS BIG SEGMENT TS FOUND!CGEN263P HAS 22 DATASETS(MAX 32) SYSJOB,1+,1
52508,21.04.12 J0105517  +DBA:EISS BIG SEGMENT TS FOUND!CGEN048P HAS 20 DATASETS(MAX 32) SYSJOB,1+,1
52509,21.04.12 J0105517  +DBA:EISS BIG SEGMENT TS FOUND!CGEN245P HAS 24 DATASETS(MAX 32) SYSJOB,1+,1
52510,21.04.12 J0105517  +DBA:EISS BIG SEGMENT TS FOUND!CGEN050P HAS 20 DATASETS(MAX 32) SYSJOB,1+,1
52511,23.29.16 J0116815 *IEF099I JOB G01S663B WAITING FOR DATA SETS,1+,0
52512,"01.59.47 CP2B           IOS080I 25DE,AA,TP886101, I/O TIMEOUT INTERVAL HAS BEEN EXCEEDED FOR AN ACTIVE REQUEST. DATASET NAME=PRDDEDPR.REFORM.VMVE.TR886101",1+,4
52513,01.37.55 J0123415 *IEF099I JOB P1ZOSDL  WAITING FOR DATA SETS,1+,0
52514,01.19.48 J0122888 *IEF099I JOB G01S506B WAITING FOR DATA SETS,1+,0
52515,01.05.04 CP3B J0144712 *IEF099I JOB SMFMRGCI WAITING FOR DATA SETS,1+,0
52516,01.00.06 CP3D J0143367 *IEF099I JOB SMFMRGOS WAITING FOR DATA SETS,1+,0
52517,02.54.04 CP2B J0198141 *IEF099I JOB C4CARD00 WAITING FOR DATA SETS,1+,0
52518,02.15.02 CP3B J0150692 *IEF099I JOB RMFRPTD3 WAITING FOR DATA SETS,1+,0
52519,02.05.56 J0127535 *IEF099I JOB P1CICSDL WAITING FOR DATA SETS,1+,0
52520,"02.03.11 CP2A           IOS080I 4BF7,B8,C4042443, I/O TIMEOUT INTERVAL HAS BEEN EXCEEDED FOR AN ACTIVE REQUEST. DATASET NAME=PRDC64R.LVEQ.ET.ETQD2042.A4403",1+,4
52521,03.28.11 CP3C S0048685  BZTPJSTRCS0 SEV=WAR ALL Jobname: EDGJSLU3 (CondCode > 4) OR (Abend Code <> '')         带库管理软件地址空间及批量备份作业返回码监控,10+,9
52522,03.00.00 J0128065 *IEF099I JOB G01SUOCR WAITING FOR DATA SETS,1+,0
52523,05.23.21 J0131172 *IEF099I JOB A01S766B WAITING FOR DATA SETS,1+,0
52524,05.07.30 J0130507  +DBA:BANCS BIG SEGMENT TS FOUND!TSSAFE HAS 22 DATASETS(MAX 32) SYSJOB,1+,1
52525,05.07.30 J0130507  +DBA:BANCS BIG SEGMENT TS FOUND!TSLMVU HAS 20 DATASETS(MAX 32) SYSJOB,1+,1
52526,05.07.26 J0130643 *IEF099I JOB AXBKOUT  WAITING FOR DATA SETS,1+,0
52527,05.06.14 J0130507  +DBA:BANCS BIG PARTITION TS FOUND!TSGECT PART 252 72.5% INUSE SYSJOB,1+,6
52528,05.06.14 J0130507  +DBA:BANCS BIG PARTITION TS FOUND!TSGECT PART 251 81.1% INUSE SYSJOB,1+,6
52529,05.06.13 J0130507  +DBA:BANCS BIG PARTITION TS FOUND!TSGECT PART 243 70.9% INUSE SYSJOB,1+,6
52530,05.06.13 J0130507  +DBA:BANCS BIG PARTITION TS FOUND!TSGECT PART 169 70.0% INUSE SYSJOB,1+,6
52531,05.06.12 J0130507  +DBA:BANCS BIG PARTITION TS FOUND!TSGECT PART 159 80.8% INUSE SYSJOB,1+,6
52532,05.06.11 J0130507  +DBA:BANCS BIG PARTITION TS FOUND!TSGECT PART 87 73.4% INUSE SYSJOB,1+,6
52533,05.06.12 J0130507  +DBA:BANCS BIG PARTITION TS FOUND!TSGECT PART 126 75.7% INUSE SYSJOB,1+,6
52534,05.06.11 J0130507  +DBA:BANCS BIG PARTITION TS FOUND!TSGECT PART 98 80.7% INUSE SYSJOB,1+,6
52535,05.04.11 J0130594  +DBA:EISS BIG SEGMENT TS FOUND!CGEN245P HAS 24 DATASETS(MAX 32) SYSJOB,1+,1
52536,05.04.11 J0130594  +DBA:EISS BIG SEGMENT TS FOUND!CGEN048P HAS 20 DATASETS(MAX 32) SYSJOB,1+,1
52537,05.04.11 J0130594  +DBA:EISS BIG SEGMENT TS FOUND!CGEN050P HAS 20 DATASETS(MAX 32) SYSJOB,1+,1
52538,05.04.11 J0130594  +DBA:EISS BIG SEGMENT TS FOUND!CGEN263P HAS 22 DATASETS(MAX 32) SYSJOB,1+,1
52539,05.04.11 J0130594  +DBA:EISS BIG SEGMENT TS FOUND!CGEN246P HAS 21 DATASETS(MAX 32) SYSJOB,1+,1
52540,08.06.29 CP2D S0007542  BSOEXTPDSS0 SEV=WAR CP2C Data Set: SYS0.MLIB.PARMLIB EXTENTS = 16 (Exts > 12),1+,9
52541,09.25.52 S0093013  DSNR035I  -DP31 DSNRPBCW WARNING - UNCOMMITTED UR AFTER 3 CHECKPOINTS - CORRELATION NAME = TF000202 -           CONNECTION ID  = BATCH -           LUWID = BOCHQP.DP31APPL.D5601750A09E = 107118 -           PLAN N,10+,9
52542,"13.21.34 CP3C S0048456  +CSQX208E !QP1S CSQXRESP Error receiving data, channel TIMCLU.QP0S connection 21.125.38.166 -  (queue manager QP0S) -  TRPTYPE=TCP RC=00000461 (ECONNRESET) reason=769E0291 -  ended abnormally -  connection",10+,9
52543,15.48.33 CP2C J0022511 *IEF099I JOB G1214S   WAITING FOR DATA SETS,1+,0
52544,15.37.02 CP2C J0022504 *IEF099I JOB G1214S   WAITING FOR DATA SETS,1+,0
52545,15.12.29 S0093400  DSNT375I  -DPW1 PLAN=DSNACLI WITH CORRELATION-ID=LDPSRV CONNECTION-ID=DB2CALL -         LUW-ID=BOCHQP.DPW1APPL.D5606702DFFD=34314 -         THREAD-INFO=LDPSRV:DB2CALL:LDPSRV:LDPSRV:DYNAMIC:1203:*:* -         IS,10+,9
52546,17.01.49 J0004066 *IEF099I JOB SORTSUM2 WAITING FOR DATA SETS,1+,0
52547,"19.59.28 STC07433  GEO551I MIRRORING STATUS IS NOT OK, HyperSwap is disabled (CPKBA)",1+,7
52548,19.56.44 CPKC STC07526  GEO114W SOME LINKS NOT ACTIVE (CPKCA),100+,9
52549,"19.56.06 CPKD STC06616  GEO551I MIRRORING STATUS IS NOT OK, HyperSwap is disabled (CPKDA)",1+,7
52550,19.37.40 S0093304  GEO114W SOME LINKS NOT ACTIVE (CP1BA),100+,9
52551,"19.32.38 S0093532  +EYUPN0005W CIP1MM41 Notify created for SAM, Context=CPLEXBBS, Target=CIP1KT42, Sev=HS, Event=!!SAMMAX, Text=MAXTASK at 19:32:38.",10+,9
52552,"20.59.28 STC07433  GEO551I MIRRORING STATUS IS NOT OK, HyperSwap is disabled (CPKBA)",1+,7
52553,"20.56.06 CPKD STC06616  GEO551I MIRRORING STATUS IS NOT OK, HyperSwap is disabled (CPKDA)",1+,7
52554,20.18.15 CP3D S0050594  GEO114W SOME LINKS NOT ACTIVE (CP3DA),10+,9
52555,"21.59.28 STC07433  GEO551I MIRRORING STATUS IS NOT OK, HyperSwap is disabled (CPKBA)",1+,7
52556,21.56.44 CPKC STC07526  GEO114W SOME LINKS NOT ACTIVE (CPKCA),100+,9
52557,"21.56.06 CPKD STC06616  GEO551I MIRRORING STATUS IS NOT OK, HyperSwap is disabled (CPKDA)",1+,7
52558,21.37.40 S0093304  GEO114W SOME LINKS NOT ACTIVE (CP1BA),100+,9
52559,21.14.53 J0021520  +DBA:BANCS BIG SEGMENT TS FOUND!TSSPYO HAS 26 DATASETS(MAX 32) SYSJOB,1+,1
52560,21.14.53 J0021520  +DBA:BANCS BIG SEGMENT TS FOUND!TSLMVU HAS 20 DATASETS(MAX 32) SYSJOB,1+,1
52561,21.14.53 J0021520  +DBA:BANCS BIG SEGMENT TS FOUND!TSSAFE HAS 22 DATASETS(MAX 32) SYSJOB,1+,1
52562,21.13.36 J0021520  +DBA:BANCS BIG PARTITION TS FOUND!TSGECT PART 252 72.7% INUSE SYSJOB,1+,6
52563,21.13.34 J0021520  +DBA:BANCS BIG PARTITION TS FOUND!TSGECT PART 159 81.6% INUSE SYSJOB,1+,6
52564,21.13.36 J0021520  +DBA:BANCS BIG PARTITION TS FOUND!TSGECT PART 251 81.2% INUSE SYSJOB,1+,6
52565,21.13.34 J0021520  +DBA:BANCS BIG PARTITION TS FOUND!TSGECT PART 126 76.2% INUSE SYSJOB,1+,6
52566,21.13.35 J0021520  +DBA:BANCS BIG PARTITION TS FOUND!TSGECT PART 169 70.4% INUSE SYSJOB 243 71.0% INUSE,1+,6
52567,21.13.35 J0021520  +DBA:BANCS BIG PARTITION TS FOUND!TSGECT PART 243 71.0% INUSE SYSJOB,1+,6
52568,21.13.33 J0021520  +DBA:BANCS BIG PARTITION TS FOUND!TSGECT PART 87 73.9% INUSE SYSJOB,1+,6
52569,21.13.33 J0021520  +DBA:BANCS BIG PARTITION TS FOUND!TSGECT PART 98 81.0% INUSE SYSJOB,1+,6
52570,"21.11.29 J0021592 *IEF099I JOB NA100009 WAITING FOR DATA SETS DECEMBER 14, 2018",1+,0
52571,21.04.11 J0021479  +DBA:EISS BIG SEGMENT TS FOUND!CGEN245P HAS 24 DATASETS(MAX 32) SYSJOB,1+,1
52572,21.04.11 J0021479  +DBA:EISS BIG SEGMENT TS FOUND!CGEN050P HAS 20 DATASETS(MAX 32) SYSJOB,1+,1
52573,21.04.11 J0021479  +DBA:EISS BIG SEGMENT TS FOUND!CGEN263P HAS 22 DATASETS(MAX 32) SYSJOB,1+,1
52574,21.04.11 J0021479  +DBA:EISS BIG SEGMENT TS FOUND!CGEN246P HAS 21 DATASETS(MAX 32) SYSJOB,1+,1
52575,21.04.11 J0021479  +DBA:EISS BIG SEGMENT TS FOUND!CGEN048P HAS 20 DATASETS(MAX 32) SYSJOB,1+,1
52576,"22.59.28 STC07433  GEO551I MIRRORING STATUS IS NOT OK, HyperSwap is disabled (CPKBA)",1+,7
52577,"22.56.06 CPKD STC06616  GEO551I MIRRORING STATUS IS NOT OK, HyperSwap is disabled (CPKDA)",1+,7
52578,22.18.15 CP3D S0050594  GEO114W SOME LINKS NOT ACTIVE (CP3DA),10+,9
52579,"23.59.28 STC07433  GEO551I MIRRORING STATUS IS NOT OK, HyperSwap is disabled (CPKBA)",1+,7
52580,23.56.44 CPKC STC07526  GEO114W SOME LINKS NOT ACTIVE (CPKCA),100+,9
52581,"23.56.06 CPKD STC06616  GEO551I MIRRORING STATUS IS NOT OK, HyperSwap is disabled (CPKDA)",1+,7
52582,23.37.40 S0093304  GEO114W SOME LINKS NOT ACTIVE (CP1BA),100+,9
52583,23.21.16 J0032336 *IEF099I JOB G01S663B WAITING FOR DATA SETS,1+,0
52584,"00.59.25 S0093063  GEO101E Mirroring status is not OK, FREEZE Disabled (CP1EA)",1+,7
52585,"00.59.28 STC07433  GEO551I MIRRORING STATUS IS NOT OK, HyperSwap is disabled (CPKBA)",1+,7
52586,"00.59.28 STC07433  GEO101E Mirroring status is not OK, FREEZE Disabled (CPKBA)",1+,7
52587,"00.59.16 STC07433  GEO101E Mirroring status is not OK, FREEZE Disabled (CPKBA)",1+,7
52588,"00.59.10 S0092612  GEO101E Mirroring status is not OK, FREEZE Disabled (CP1CA)",1+,7
52589,"00.59.16 S0092182  GEO101E Mirroring status is not OK, FREEZE Disabled (CP1AA)",1+,7
52590,"00.58.51 STC07433  GEO101E Mirroring status is not OK, FREEZE Disabled (CPKBA) MESSAGES ACTED UPON.",1+,7
52591,"19.35.21 CPKD STC06616  GEO551I MIRRORING STATUS IS NOT OK, HyperSwap is disabled [CPKDA]",1+,7
52592,00.27.43 J0034042 *IEF099I JOB SA060000 WAITING FOR DATA SETS,1+,0
52593,19.35.21 CP3B S0050584  GEO114W SOME LINKS NOT ACTIVE [CP3BA],100+,9
52594,"01.56.37 STC08317  GEO101E Mirroring status is not OK, FREEZE Disabled (CPKAA) (CPKAA)",1+,7
52595,"01.55.10 S0093304  GEO101E Mirroring status is not OK, FREEZE Disabled (CP1BA)",1+,7
52596,"01.54.55 S0093415  GEO101E Mirroring status is not OK, FREEZE Disabled (CP1DA)",1+,7
52597,"01.54.40 S0093517  GEO101E Mirroring status is not OK, FREEZE Disabled (CP1FA)",1+,7
52598,"01.54.28 STC07433  GEO551I MIRRORING STATUS IS NOT OK, HyperSwap is disabled (CPKBA)",1+,7
52599,"01.54.28 STC07433  GEO101E Mirroring status is not OK, FREEZE Disabled (CPKBA)",1+,7
52600,"01.54.25 S0093063  GEO101E Mirroring status is not OK, FREEZE Disabled (CP1EA)",1+,7
52601,"01.54.16 S0092182  GEO101E Mirroring status is not OK, FREEZE Disabled (CP1AA)",1+,7
52602,"01.54.10 S0092612  GEO101E Mirroring status is not OK, FREEZE Disabled (CP1CA)",1+,7
52603,"01.51.37 STC08317  GEO101E Mirroring status is not OK, FREEZE Disabled (CPKAA)",1+,7
52604,"01.50.10 S0093304  GEO101E Mirroring status is not OK, FREEZE Disabled (CP1BA)",1+,7
52605,"01.49.55 S0093415  GEO101E Mirroring status is not OK, FREEZE Disabled (CP1DA)",1+,7
52606,"01.49.40 S0093517  GEO101E Mirroring status is not OK, FREEZE Disabled (CP1FA)",1+,7
52607,"01.49.28 STC07433  GEO101E Mirroring status is not OK, FREEZE Disabled (CPKBA)",1+,7
52608,"01.49.25 S0093063  GEO101E Mirroring status is not OK, FREEZE Disabled (CP1EA)",1+,7
52609,"01.49.16 S0092182  GEO101E Mirroring status is not OK, FREEZE Disabled (CP1AA)",1+,7
52610,"01.49.10 S0092612  GEO101E Mirroring status is not OK, FREEZE Disabled (CP1CA)",1+,7
52611,"01.49.00 STC07433  GEO101E Mirroring status is not OK, FREEZE Disabled (CPKBA)",1+,7
52612,01.47.42 J0042190 *IEF099I JOB P1CICSDL WAITING FOR DATA SETS,1+,0
52613,"01.46.37 STC08317  GEO101E Mirroring status is not OK, FREEZE Disabled (CPKAA)",1+,7
52614,"01.45.10 S0093304  GEO101E Mirroring status is not OK, FREEZE Disabled (CP1BA)",1+,7
52615,"01.44.55 S0093415  GEO101E Mirroring status is not OK, FREEZE Disabled (CP1DA)",1+,7
52616,"01.44.40 S0093517  GEO101E Mirroring status is not OK, FREEZE Disabled (CP1FA)",1+,7
52617,"01.44.28 STC07433  GEO101E Mirroring status is not OK, FREEZE Disabled (CPKBA)",1+,7
52618,"01.44.25 S0093063  GEO101E Mirroring status is not OK, FREEZE Disabled (CP1EA)",1+,7
52619,"01.44.16 S0092182  GEO101E Mirroring status is not OK, FREEZE Disabled (CP1AA)",1+,7
52620,"01.44.10 S0092612  GEO101E Mirroring status is not OK, FREEZE Disabled (CP1CA)",1+,7
52621,01.42.00 J0041207 *IEF099I JOB G01S506B WAITING FOR DATA SETS,1+,0
52622,"01.41.37 STC08317  GEO101E Mirroring status is not OK, FREEZE Disabled (CPKAA)",1+,7
52623,"01.40.10 S0093304  GEO101E Mirroring status is not OK, FREEZE Disabled (CP1BA)",1+,7
52624,"01.39.55 S0093415  GEO101E Mirroring status is not OK, FREEZE Disabled (CP1DA)",1+,7
52625,"01.39.40 S0093517  GEO101E Mirroring status is not OK, FREEZE Disabled (CP1FA)",1+,7
52626,"01.39.28 STC07433  GEO101E Mirroring status is not OK, FREEZE Disabled (CPKBA)",1+,7
52627,"01.39.25 S0093063  GEO101E Mirroring status is not OK, FREEZE Disabled (CP1EA)",1+,7
52628,"01.39.16 S0092182  GEO101E Mirroring status is not OK, FREEZE Disabled (CP1AA) FROM S0093509 TP1F",1+,7
52629,"01.39.10 S0092612  GEO101E Mirroring status is not OK, FREEZE Disabled (CP1CA)",1+,7
52630,"01.36.37 STC08317  GEO101E Mirroring status is not OK, FREEZE Disabled (CPKAA)",1+,7
52631,"01.35.52 STC07433  GEO101E Mirroring status is not OK, FREEZE Disabled (CPKBA)",1+,7
52632,"01.35.10 S0093304  GEO101E Mirroring status is not OK, FREEZE Disabled (CP1BA) seconds (CP1BA)",1+,7
52633,"01.34.55 S0093415  GEO101E Mirroring status is not OK, FREEZE Disabled (CP1DA)",1+,7
52634,"01.34.40 S0093517  GEO101E Mirroring status is not OK, FREEZE Disabled (CP1FA)",1+,7
52635,"01.34.28 STC07433  GEO101E Mirroring status is not OK, FREEZE Disabled (CPKBA)",1+,7
52636,"01.34.25 S0093063  GEO101E Mirroring status is not OK, FREEZE Disabled (CP1EA)",1+,7
52637,"01.34.16 S0092182  GEO101E Mirroring status is not OK, FREEZE Disabled (CP1AA)",1+,7
52638,"01.34.10 S0092612  GEO101E Mirroring status is not OK, FREEZE Disabled (CP1CA)",1+,7
52639,"01.32.56 S0093049  +CSQX209E !MQ3A CSQXRESP Connection unexpectedly terminated, channel CH_HHAP.TO.EACQ -  connection 21.123.109.153 -  (queue manager MQGA) -  TRPTYPE=TCP RC=00000000",1+,9
52640,"01.32.56 S0093049  +CSQX209E !MQ3A CSQXRESP Connection unexpectedly terminated, channel CH_HHAP.TO.SMSP_SMS -  connection 21.123.109.153 -  (queue manager MQGA) -  TRPTYPE=TCP RC=00000000",1+,9
52641,01.32.12 J0039214 *IEF099I JOB P1ZOSDL  WAITING FOR DATA SETS,1+,0
52642,"01.31.47 S0092597  +CSQX209E !MQ1A CSQXRESP Connection unexpectedly terminated, channel CH_HHAP.TO.EACQ -  connection 21.123.109.152 -  (queue manager MQGA) -  TRPTYPE=TCP RC=00000000",1+,9
52643,"01.31.47 S0092597  +CSQX209E !MQ1A CSQXRESP Connection unexpectedly terminated, channel CH_HHAP.TO.EACQ -  connection 21.123.109.152 -  (queue manager MQGA) -  TRPTYPE=TCP RC=00000000 -  channel CH_HHAP.TO.SMSP_SMS -  connection 2",1+,9
52644,"01.31.47 S0092597  +CSQX209E !MQ1A CSQXRESP Connection unexpectedly terminated, channel CH_HHAP.TO.SMSP_SMS -  connection 21.123.109.152 -  (queue manager MQGA) -  TRPTYPE=TCP RC=00000000",1+,9
52645,"01.31.37 STC08317  GEO101E Mirroring status is not OK, FREEZE Disabled (CPKAA)",1+,7
52646,"01.30.47 S0092597  +CSQX209E !MQ1A CSQXRESP Connection unexpectedly terminated, channel CH_HHAP.TO.EACQ -  connection 21.123.109.151 -  (queue manager MQGA) -  TRPTYPE=TCP RC=00000000",1+,9
52647,"01.30.47 S0093049  +CSQX209E !MQ3A CSQXRESP Connection unexpectedly terminated, channel CH_HHAP.TO.SMSP_SMS -  connection 21.123.109.151 -  (queue manager MQGA) -  TRPTYPE=TCP RC=00000000",1+,9
52648,"01.30.10 S0093304  GEO101E Mirroring status is not OK, FREEZE Disabled (CP1BA)",1+,7
52649,"01.29.55 S0093415  GEO101E Mirroring status is not OK, FREEZE Disabled (CP1DA)",1+,7
52650,"01.29.42 S0093049  +CSQX209E !MQ3A CSQXRESP Connection unexpectedly terminated, channel CH_HHAP.TO.EACQ -  connection 21.123.109.150 -  (queue manager MQGA) -  TRPTYPE=TCP RC=00000000",1+,9
52651,"01.29.40 S0093517  GEO101E Mirroring status is not OK, FREEZE Disabled (CP1FA)",1+,7
52652,"01.29.25 S0093063  GEO101E Mirroring status is not OK, FREEZE Disabled (CP1EA)",1+,7
52653,"01.29.28 STC07433  GEO101E Mirroring status is not OK, FREEZE Disabled (CPKBA)",1+,7
52654,"01.29.16 S0092182  GEO101E Mirroring status is not OK, FREEZE Disabled (CP1AA)",1+,7
52655,"01.29.10 S0092612  GEO101E Mirroring status is not OK, FREEZE Disabled (CP1CA)",1+,7
52656,01.28.17 CP2C J0035933 *IEF099I JOB TMZ60000 WAITING FOR DATA SETS,1+,0
52657,"01.27.24 S0093049  +CSQX209E !MQ3A CSQXRESP Connection unexpectedly terminated, channel CH_HHAP.TO.EACQ -  connection 21.123.109.149 -  (queue manager MQGA) -  TRPTYPE=TCP RC=00000000",1+,9
52658,"01.27.24 S0093049  +CSQX209E !MQ3A CSQXRESP Connection unexpectedly terminated, channel CH_HHAP.TO.SMSP_SMS -  connection 21.123.109.149 -  (queue manager MQGA) -  TRPTYPE=TCP RC=00000000",1+,9
52659,"01.26.37 STC08317  GEO101E Mirroring status is not OK, FREEZE Disabled (CPKAA)",1+,7
52660,"01.25.47 S0093049  +CSQX209E !MQ3A CSQXRESP Connection unexpectedly terminated, channel CH_HHAP.TO.SMSP_SMS -  connection 21.123.109.148 -  (queue manager MQGA) -  TRPTYPE=TCP RC=00000000",1+,9
52661,"01.25.47 S0092597  +CSQX209E !MQ1A CSQXRESP Connection unexpectedly terminated, channel CH_HHAP.TO.EACQ -  connection 21.123.109.148 -  (queue manager MQGA) -  TRPTYPE=TCP RC=00000000",1+,9
52662,"01.25.10 S0093304  GEO101E Mirroring status is not OK, FREEZE Disabled (CP1BA)",1+,7
52663,"01.24.55 S0093415  GEO101E Mirroring status is not OK, FREEZE Disabled (CP1DA)",1+,7
52664,"01.24.40 S0093517  GEO101E Mirroring status is not OK, FREEZE Disabled (CP1FA)",1+,7
52665,"01.24.28 STC07433  GEO101E Mirroring status is not OK, FREEZE Disabled (CPKBA)",1+,7
52666,"01.24.25 S0093063  GEO101E Mirroring status is not OK, FREEZE Disabled (CP1EA)",1+,7
52667,"01.24.16 S0092182  GEO101E Mirroring status is not OK, FREEZE Disabled (CP1AA)",1+,7
52668,"01.24.14 S0092597  +CSQX209E !MQ1A CSQXRESP Connection unexpectedly terminated, channel CH_HHAP.TO.EACQ -  connection 21.123.109.147 -  (queue manager MQGA) -  TRPTYPE=TCP RC=00000000",1+,9
52669,"01.24.10 S0092612  GEO101E Mirroring status is not OK, FREEZE Disabled (CP1CA)",1+,7
52670,"01.22.48 S0093049  +CSQX209E !MQ3A CSQXRESP Connection unexpectedly terminated, channel CH_HHAP.TO.EACQ -  connection 21.123.109.146 -  (queue manager MQGA) -  TRPTYPE=TCP RC=00000000",1+,9
52671,"01.22.48 S0093049  +CSQX209E !MQ3A CSQXRESP Connection unexpectedly terminated, channel CH_HHAP.TO.SMSP_SMS -  connection 21.123.109.146 -  (queue manager MQGA) -  TRPTYPE=TCP RC=00000000",1+,9
52672,"01.22.48 S0093049  +CSQX209E !MQ3A CSQXRESP Connection unexpectedly terminated, channel CH_HHAP.TO.EACQ -  connection 21.123.109.146 -  (queue manager MQGA) -  TRPTYPE=TCP RC=00000000 -  channel CH_HHAP.TO.SMSP_SMS -  connection 2",1+,9
52673,"01.21.37 STC08317  GEO101E Mirroring status is not OK, FREEZE Disabled (CPKAA)",1+,7
52674,"01.21.07 S0092597  +CSQX209E !MQ1A CSQXRESP Connection unexpectedly terminated, channel CH_HHAP.TO.EACQ -  connection 21.123.109.145 -  (queue manager MQGA) -  TRPTYPE=TCP RC=00000000",1+,9
52675,"01.21.07 S0092597  +CSQX209E !MQ1A CSQXRESP Connection unexpectedly terminated, channel CH_HHAP.TO.SMSP_SMS -  connection 21.123.109.145 -  (queue manager MQGA) -  TRPTYPE=TCP RC=00000000",1+,9
52676,"01.20.10 S0093304  GEO101E Mirroring status is not OK, FREEZE Disabled (CP1BA)",1+,7
52677,"01.19.55 S0093415  GEO101E Mirroring status is not OK, FREEZE Disabled (CP1DA)",1+,7
52678,"01.19.40 S0093517  GEO101E Mirroring status is not OK, FREEZE Disabled (CP1FA)",1+,7
52679,"01.19.28 S0092597  +CSQX209E !MQ1A CSQXRESP Connection unexpectedly terminated, channel CH_HHAP.TO.EACQ -  connection 21.123.109.144 -  (queue manager MQGA) -  TRPTYPE=TCP RC=00000000",1+,9
52680,"01.19.28 STC07433  GEO101E Mirroring status is not OK, FREEZE Disabled (CPKBA)",1+,7
52681,"01.19.25 S0093063  GEO101E Mirroring status is not OK, FREEZE Disabled (CP1EA)",1+,7
52682,"01.19.28 S0093049  +CSQX209E !MQ3A CSQXRESP Connection unexpectedly terminated, channel CH_HHAP.TO.SMSP_SMS -  connection 21.123.109.144 -  (queue manager MQGA) -  TRPTYPE=TCP RC=00000000",1+,9
52683,"01.19.16 S0092182  GEO101E Mirroring status is not OK, FREEZE Disabled (CP1AA)",1+,7
52684,"01.19.14 CPKC STC07526  GEO101E Mirroring status is not OK, FREEZE Disabled (CPKCA)",1+,7
52685,"01.19.10 S0092612  GEO101E Mirroring status is not OK, FREEZE Disabled (CP1CA)",1+,7
52686,"01.16.37 STC08317  GEO101E Mirroring status is not OK, FREEZE Disabled (CPKAA)",1+,7
52687,"01.16.06 CPKD STC06616  GEO551I MIRRORING STATUS IS NOT OK, HyperSwap is disabled (CPKDA)",1+,7
52688,"01.16.06 CPKD STC06616  GEO101E Mirroring status is not OK, FREEZE Disabled (CPKDA)",1+,7
52689,"01.15.45 CP3D S0050594  GEO101E Mirroring status is not OK, FREEZE Disabled (CP3DA)",1+,7
52690,"01.15.30 CP3C S0050593  GEO101E Mirroring status is not OK, FREEZE Disabled (CP3CA)",1+,7
52691,"01.15.15 CP3A S0050586  GEO101E Mirroring status is not OK, FREEZE Disabled (CP3AA)",1+,7
52692,"01.14.55 S0093415  GEO101E Mirroring status is not OK, FREEZE Disabled (CP1DA)",1+,7
52693,"01.15.10 S0093304  GEO101E Mirroring status is not OK, FREEZE Disabled (CP1BA)",1+,7
52694,"01.15.01 CP3B S0050584  GEO101E Mirroring status is not OK, FREEZE Disabled (CP3BA)",1+,7
52695,"01.14.40 S0093517  GEO101E Mirroring status is not OK, FREEZE Disabled (CP1FA)",1+,7
52696,"01.14.27 CPKD STC06616  GEO101E Mirroring status is not OK, FREEZE Disabled (CPKDA)",1+,7
52697,"01.14.28 STC07433  GEO101E Mirroring status is not OK, FREEZE Disabled (CPKBA)",1+,7
52698,"01.14.25 S0093063  GEO101E Mirroring status is not OK, FREEZE Disabled (CP1EA)",1+,7
52699,"01.14.14 CPKC STC07526  GEO101E Mirroring status is not OK, FREEZE Disabled (CPKCA)",1+,7
52700,"01.14.16 S0092182  GEO101E Mirroring status is not OK, FREEZE Disabled (CP1AA)",1+,7
52701,"01.14.10 S0092612  GEO101E Mirroring status is not OK, FREEZE Disabled (CP1CA)",1+,7
52702,"01.11.37 STC08317  GEO101E Mirroring status is not OK, FREEZE Disabled (CPKAA)",1+,7
52703,"01.11.22 CP2A           IOS080I 42E1,0C,UM095200, I/O TIMEOUT INTERVAL HAS BEEN EXCEEDED FOR AN ACTIVE REQUEST. DATASET NAME=PRDDEDPR.SPLIT.BOCT.UP095201.PR52",1+,4
52704,"01.11.06 CPKD STC06616  GEO101E Mirroring status is not OK, FREEZE Disabled (CPKDA)",1+,7
52705,"01.10.45 CP3D S0050594  GEO101E Mirroring status is not OK, FREEZE Disabled (CP3DA)",1+,7
52706,"01.10.30 CP3C S0050593  GEO101E Mirroring status is not OK, FREEZE Disabled (CP3CA)",1+,7
52707,"01.10.15 CP3A S0050586  GEO101E Mirroring status is not OK, FREEZE Disabled (CP3AA)",1+,7
52708,"01.10.10 S0093304  GEO101E Mirroring status is not OK, FREEZE Disabled (CP1BA)",1+,7
52709,"01.10.01 CP3B S0050584  GEO101E Mirroring status is not OK, FREEZE Disabled (CP3BA)",1+,7
52710,"01.09.55 S0093415  GEO101E Mirroring status is not OK, FREEZE Disabled (CP1DA)",1+,7
52711,"01.09.40 S0093517  GEO101E Mirroring status is not OK, FREEZE Disabled (CP1FA)",1+,7
52712,"01.09.28 STC07433  GEO101E Mirroring status is not OK, FREEZE Disabled (CPKBA)",1+,7
52713,"01.09.25 S0093063  GEO101E Mirroring status is not OK, FREEZE Disabled (CP1EA)",1+,7
52714,"01.09.16 S0092182  GEO101E Mirroring status is not OK, FREEZE Disabled (CP1AA)",1+,7
52715,"01.09.10 S0092612  GEO101E Mirroring status is not OK, FREEZE Disabled (CP1CA)",1+,7
52716,"01.09.14 CPKC STC07526  GEO101E Mirroring status is not OK, FREEZE Disabled (CPKCA)",1+,7
52717,"01.06.37 STC08317  GEO101E Mirroring status is not OK, FREEZE Disabled (CPKAA)",1+,7
52718,"01.06.06 CPKD STC06616  GEO101E Mirroring status is not OK, FREEZE Disabled (CPKDA)",1+,7
52719,"01.05.45 CP3D S0050594  GEO101E Mirroring status is not OK, FREEZE Disabled (CP3DA)",1+,7
52720,"01.05.30 CP3C S0050593  GEO101E Mirroring status is not OK, FREEZE Disabled (CP3CA)",1+,7
52721,"01.05.15 CP3A S0050586  GEO101E Mirroring status is not OK, FREEZE Disabled (CP3AA)",1+,7
52722,01.05.08 CP3B J0061279 *IEF099I JOB SMFMRGCI WAITING FOR DATA SETS,1+,0
52723,"01.05.10 S0093304  GEO101E Mirroring status is not OK, FREEZE Disabled (CP1BA)",1+,7
52724,"01.05.01 CP3B S0050584  GEO101E Mirroring status is not OK, FREEZE Disabled (CP3BA) 16,818,000  LINES",1+,7
52725,"01.05.01 CP3B S0050584  GEO101E Mirroring status is not OK, FREEZE Disabled (CP3BA)",1+,7
52726,"01.04.55 S0093415  GEO101E Mirroring status is not OK, FREEZE Disabled (CP1DA)",1+,7
52727,"01.04.40 S0093517  GEO101E Mirroring status is not OK, FREEZE Disabled (CP1FA)",1+,7
52728,"01.04.28 STC07433  GEO101E Mirroring status is not OK, FREEZE Disabled (CPKBA)",1+,7
52729,"01.04.25 S0093063  GEO101E Mirroring status is not OK, FREEZE Disabled (CP1EA)",1+,7
52730,"01.04.16 S0092182  GEO101E Mirroring status is not OK, FREEZE Disabled (CP1AA)",1+,7
52731,"01.04.14 CPKC STC07526  GEO101E Mirroring status is not OK, FREEZE Disabled (CPKCA)",1+,7
52732,"01.04.10 S0092612  GEO101E Mirroring status is not OK, FREEZE Disabled (CP1CA)",1+,7
52733,"01.02.15 CPKD STC06616  GEO101E Mirroring status is not OK, FREEZE Disabled (CPKDA)",1+,7
52734,"01.02.15 CP3A S0050586  GEO101E Mirroring status is not OK, FREEZE Disabled (CP3AA)",1+,7
52735,"01.02.15 CP3D S0050594  GEO101E Mirroring status is not OK, FREEZE Disabled (CP3DA)",1+,7
52736,"01.02.15 CPKC STC07526  GEO101E Mirroring status is not OK, FREEZE Disabled (CPKCA) Disabled (CP3CA)",1+,7
52737,"01.02.15 CP3B S0050584  GEO101E Mirroring status is not OK, FREEZE Disabled (CP3BA)",1+,7
52738,"01.02.00 S0092612  GEO101E Mirroring status is not OK, FREEZE Disabled (CP1CA)",1+,7
52739,"01.02.00 S0093063  GEO101E Mirroring status is not OK, FREEZE Disabled (CP1EA)",1+,7
52740,"01.02.01 STC08317  GEO101E Mirroring status is not OK, FREEZE Disabled (CPKAA)",1+,7
52741,"01.01.59 S0093304  GEO101E Mirroring status is not OK, FREEZE Disabled (CP1BA)",1+,7
52742,"01.02.00 S0092182  GEO101E Mirroring status is not OK, FREEZE Disabled (CP1AA)",1+,7
52743,"01.02.00 S0093415  GEO101E Mirroring status is not OK, FREEZE Disabled (CP1DA)",1+,7
52744,"01.02.00 STC07433  GEO101E Mirroring status is not OK, FREEZE Disabled (CPKBA)",1+,7
52745,"01.01.44 CPKD STC06616  GEO101E Mirroring status is not OK, FREEZE Disabled (CPKDA)",1+,7
52746,"01.01.37 STC08317  GEO101E Mirroring status is not OK, FREEZE Disabled (CPKAA)",1+,7
52747,"01.01.06 CPKD STC06616  GEO101E Mirroring status is not OK, FREEZE Disabled (CPKDA) disabled (CPKDA)",1+,7
52748,"01.00.54 CPKD STC06616  GEO101E Mirroring status is not OK, FREEZE Disabled (CPKDA)",1+,7
52749,"01.00.47 STC07433  GEO101E Mirroring status is not OK, FREEZE Disabled (CPKBA)",1+,7
52750,"01.00.45 CP3D S0050594  GEO101E Mirroring status is not OK, FREEZE Disabled (CP3DA)",1+,7
52751,"01.00.14 STC07433  GEO101E Mirroring status is not OK, FREEZE Disabled (CPKBA)",1+,7
52752,"01.00.10 S0093304  GEO101E Mirroring status is not OK, FREEZE Disabled (CP1BA)",1+,7
52753,02.44.37 S0093011 *DSNB319A  -DP71 DSNB1CNE THERE IS A SHORTAGE OF SPACE *IN GROUP BUFFER POOL GBP32K1,1+,8
52754,"02.33.20 CP2A           IOS080I E98F,B5,BKJNAL40, I/O TIMEOUT INTERVAL HAS BEEN EXCEEDED FOR AN ACTIVE REQUEST.",1+,4
52755,"02.25.10 S0093304  GEO101E Mirroring status is not OK, FREEZE Disabled (CP1BA)",1+,7
52756,"02.24.55 S0093415  GEO101E Mirroring status is not OK, FREEZE Disabled (CP1DA)",1+,7
52757,"02.24.40 S0093517  GEO101E Mirroring status is not OK, FREEZE Disabled (CP1FA)",1+,7
52758,"02.24.28 STC07433  GEO551I MIRRORING STATUS IS NOT OK, HyperSwap is disabled (CPKBA)",1+,7
52759,"02.24.28 STC07433  GEO101E Mirroring status is not OK, FREEZE Disabled (CPKBA)",1+,7
52760,"02.24.25 S0093063  GEO101E Mirroring status is not OK, FREEZE Disabled (CP1EA)",1+,7
52761,"02.24.16 S0092182  GEO101E Mirroring status is not OK, FREEZE Disabled (CP1AA)",1+,7
52762,"02.24.10 S0092612  GEO101E Mirroring status is not OK, FREEZE Disabled (CP1CA)",1+,7
52763,"02.21.37 STC08317  GEO101E Mirroring status is not OK, FREEZE Disabled (CPKAA)",1+,7
52764,"02.21.17 STC07433  GEO101E Mirroring status is not OK, FREEZE Disabled (CPKBA)",1+,7
52765,"02.20.10 S0093304  GEO101E Mirroring status is not OK, FREEZE Disabled (CP1BA)",1+,7
52766,"02.19.55 S0093415  GEO101E Mirroring status is not OK, FREEZE Disabled (CP1DA)",1+,7
52767,"02.19.40 S0093517  GEO101E Mirroring status is not OK, FREEZE Disabled (CP1FA)",1+,7
52768,"02.19.28 STC07433  GEO101E Mirroring status is not OK, FREEZE Disabled (CPKBA)",1+,7
52769,"02.19.25 S0093063  GEO101E Mirroring status is not OK, FREEZE Disabled (CP1EA)",1+,7
52770,"02.19.16 S0092182  GEO101E Mirroring status is not OK, FREEZE Disabled (CP1AA)",1+,7
52771,"02.19.10 S0092612  GEO101E Mirroring status is not OK, FREEZE Disabled (CP1CA)",1+,7
52772,"02.16.37 STC08317  GEO101E Mirroring status is not OK, FREEZE Disabled (CPKAA)",1+,7
52773,"02.15.10 S0093304  GEO101E Mirroring status is not OK, FREEZE Disabled (CP1BA)",1+,7
52774,"02.14.55 S0093415  GEO101E Mirroring status is not OK, FREEZE Disabled (CP1DA)",1+,7
52775,"02.14.40 S0093517  GEO101E Mirroring status is not OK, FREEZE Disabled (CP1FA)",1+,7
52776,"02.14.28 STC07433  GEO101E Mirroring status is not OK, FREEZE Disabled (CPKBA)",1+,7
52777,"02.14.25 S0093063  GEO101E Mirroring status is not OK, FREEZE Disabled (CP1EA)",1+,7
52778,"02.14.16 S0092182  GEO101E Mirroring status is not OK, FREEZE Disabled (CP1AA)",1+,7
52779,"02.14.10 S0092612  GEO101E Mirroring status is not OK, FREEZE Disabled (CP1CA)",1+,7
52780,"02.11.37 STC08317  GEO101E Mirroring status is not OK, FREEZE Disabled (CPKAA)",1+,7
52781,"02.11.00 STC07433  GEO101E Mirroring status is not OK, FREEZE Disabled (CPKBA)",1+,7
52782,"02.10.10 S0093304  GEO101E Mirroring status is not OK, FREEZE Disabled (CP1BA)",1+,7
52783,"02.09.55 S0093415  GEO101E Mirroring status is not OK, FREEZE Disabled (CP1DA)",1+,7
52784,"02.09.40 S0093517  GEO101E Mirroring status is not OK, FREEZE Disabled (CP1FA)",1+,7
52785,"02.09.28 STC07433  GEO101E Mirroring status is not OK, FREEZE Disabled (CPKBA)",1+,7
52786,"02.09.25 S0093063  GEO101E Mirroring status is not OK, FREEZE Disabled (CP1EA)",1+,7
52787,"02.09.16 S0092182  GEO101E Mirroring status is not OK, FREEZE Disabled (CP1AA)",1+,7
52788,"02.09.10 S0092612  GEO101E Mirroring status is not OK, FREEZE Disabled (CP1CA)",1+,7
52789,"02.06.37 STC08317  GEO101E Mirroring status is not OK, FREEZE Disabled (CPKAA)",1+,7
52790,"02.05.10 S0093304  GEO101E Mirroring status is not OK, FREEZE Disabled (CP1BA)",1+,7
52791,"02.04.55 S0093415  GEO101E Mirroring status is not OK, FREEZE Disabled (CP1DA)",1+,7
52792,"02.04.40 S0093517  GEO101E Mirroring status is not OK, FREEZE Disabled (CP1FA)",1+,7
52793,"02.04.28 STC07433  GEO101E Mirroring status is not OK, FREEZE Disabled (CPKBA)",1+,7
52794,"02.04.25 S0093063  GEO101E Mirroring status is not OK, FREEZE Disabled (CP1EA)",1+,7
52795,"02.04.16 S0092182  GEO101E Mirroring status is not OK, FREEZE Disabled (CP1AA)",1+,7
52796,"02.04.10 S0092612  GEO101E Mirroring status is not OK, FREEZE Disabled (CP1CA)",1+,7
52797,"02.01.37 STC08317  GEO101E Mirroring status is not OK, FREEZE Disabled (CPKAA)",1+,7
52798,"03.54.11 CP2B           IOS080I 4BB2,B4,AM300032, I/O TIMEOUT INTERVAL HAS BEEN EXCEEDED FOR AN ACTIVE REQUEST. DATASET NAME=PRDC64R.LVEQ.TEMP.AM203262.S01",1+,4
52799,03.28.06 CP3C S0048685  BZTPJSTRCS0 SEV=WAR ALL Jobname: EDGJSLU3 (CondCode > 4) OR (Abend Code <> '')         带库管理软件地址空间及批量备份作业返回码监控,10+,9
52800,04.53.26 CP2A J0090071 *IEF099I JOB QTINVM00 WAITING FOR DATA SETS,1+,0
52801,05.51.37 J0058053 *IEF099I JOB A01M9254 WAITING FOR DATA SETS,1+,0
52802,05.31.51 J0057903 *IEF099I JOB A01S766B WAITING FOR DATA SETS,1+,0
52803,05.25.03 J0057824 *IEF099I JOB AXBKOUT  WAITING FOR DATA SETS,1+,0
52804,05.07.45 J0057347  +DBA:BANCS BIG SEGMENT TS FOUND!TSSPYO HAS 26 DATASETS(MAX 32) SYSJOB,1+,1
52805,05.07.45 J0057347  +DBA:BANCS BIG SEGMENT TS FOUND!TSLMVU HAS 20 DATASETS(MAX 32) SYSJOB DATASETS(MAX 32),1+,1
52806,05.07.45 J0057347  +DBA:BANCS BIG SEGMENT TS FOUND!TSSAFE HAS 22 DATASETS(MAX 32) SYSJOB,1+,1
52807,05.06.11 J0057347  +DBA:BANCS BIG PARTITION TS FOUND!TSGECT PART 252 72.8% INUSE SYSJOB,1+,6
52808,05.06.11 J0057347  +DBA:BANCS BIG PARTITION TS FOUND!TSGECT PART 251 81.2% INUSE SYSJOB,1+,6
52809,05.06.10 J0057347  +DBA:BANCS BIG PARTITION TS FOUND!TSGECT PART 169 70.4% INUSE SYSJOB,1+,6
52810,05.06.09 J0057347  +DBA:BANCS BIG PARTITION TS FOUND!TSGECT PART 159 81.6% INUSE SYSJOB,1+,6
52811,05.06.10 J0057347  +DBA:BANCS BIG PARTITION TS FOUND!TSGECT PART 243 71.0% INUSE SYSJOB,1+,6
52812,05.06.08 J0057347  +DBA:BANCS BIG PARTITION TS FOUND!TSGECT PART 98 81.0% INUSE SYSJOB,1+,6
52813,05.06.08 J0057347  +DBA:BANCS BIG PARTITION TS FOUND!TSGECT PART 87 73.9% INUSE SYSJOB,1+,6
52814,05.04.12 J0057404  +DBA:EISS BIG SEGMENT TS FOUND!CGEN263P HAS 22 DATASETS(MAX 32) SYSJOB,1+,1
52815,05.04.12 J0057404  +DBA:EISS BIG SEGMENT TS FOUND!CGEN245P HAS 24 DATASETS(MAX 32) SYSJOB,1+,1
52816,05.04.12 J0057404  +DBA:EISS BIG SEGMENT TS FOUND!CGEN050P HAS 20 DATASETS(MAX 32) SYSJOB,1+,1
52817,05.04.12 J0057404  +DBA:EISS BIG SEGMENT TS FOUND!CGEN048P HAS 20 DATASETS(MAX 32) SYSJOB,1+,1
52818,05.04.12 J0057404  +DBA:EISS BIG SEGMENT TS FOUND!CGEN246P HAS 21 DATASETS(MAX 32) SYSJOB,1+,1
52819,06.44.33 CP3D J0102608 *IEF099I JOB DEDPHU31 WAITING FOR DATA SETS,1+,0
52820,06.44.22 CP3C J0102530 *IEF099I JOB DEDPZM31 WAITING FOR DATA SETS,1+,0
52821,07.05.04 S0093383  BSVOLDSNSS0 SEV=WAR CP1D Volser: P12F36 TotalDSNs:10322 (TotalDSNs > 10000),1+,3
52822,07.05.04 S0093383  BSVOLDSNSS0 SEV=WAR CP1D Volser: P12191 TotalDSNs:10359 (TotalDSNs > 10000),1+,3
52823,07.05.04 S0093383  BSVOLDSNSS0 SEV=WAR CP1D Volser: P12292 TotalDSNs:10344 (TotalDSNs > 10000),1+,3
52824,07.05.04 S0093383  BSVOLDSNSS0 SEV=WAR CP1D Volser: P12779 TotalDSNs:10189 (TotalDSNs > 10000),1+,3
52825,07.05.04 S0093383  BSVOLDSNSS0 SEV=WAR CP1D Volser: P12091 TotalDSNs:10231 (TotalDSNs > 10000),1+,3
52826,07.05.04 S0093383  BSVOLDSNSS0 SEV=WAR CP1D Volser: P12F37 TotalDSNs:10388 (TotalDSNs > 10000),1+,3
52827,07.05.04 S0093383  BSVOLDSNSS0 SEV=WAR CP1D Volser: P12778 TotalDSNs:10363 (TotalDSNs > 10000),1+,3
52828,07.05.04 S0093383  BSVOLDSNSS0 SEV=WAR CP1D Volser: P12192 TotalDSNs:10375 (TotalDSNs > 10000),1+,3
52829,07.05.04 S0093383  BSVOLDSNSS0 SEV=WAR CP1D Volser: P1277A TotalDSNs:10291 (TotalDSNs > 10000),1+,3
52830,07.05.04 S0093383  BSVOLDSNSS0 SEV=WAR CP1D Volser: P12290 TotalDSNs:10256 (TotalDSNs > 10000),1+,3
52831,07.05.04 S0093383  BSVOLDSNSS0 SEV=WAR CP1D Volser: P12092 TotalDSNs:10347 (TotalDSNs > 10000) TotalDSNs:10273 (TotalDSNs > 10000),1+,3
52832,07.05.04 S0093383  BSVOLDSNSS0 SEV=WAR CP1D Volser: P12190 TotalDSNs:10278 (TotalDSNs > 10000),1+,3
52833,07.05.04 S0093383  BSVOLDSNSS0 SEV=WAR CP1D Volser: P12F35 TotalDSNs:10268 (TotalDSNs > 10000),1+,3
52834,07.05.04 S0093383  BSVOLDSNSS0 SEV=WAR CP1D Volser: P12678 TotalDSNs:10332 (TotalDSNs > 10000),1+,3
52835,07.05.04 S0093383  BSVOLDSNSS0 SEV=WAR CP1D Volser: P12E37 TotalDSNs:10366 (TotalDSNs > 10000),1+,3
52836,07.05.04 S0093383  BSVOLDSNSS0 SEV=WAR CP1D Volser: P12090 TotalDSNs:10375 (TotalDSNs > 10000),1+,3
52837,07.05.04 S0093383  BSVOLDSNSS0 SEV=WAR CP1D Volser: P1267A TotalDSNs:10262 (TotalDSNs > 10000) TotalDSNs:10353 (TotalDSNs > 10000),1+,3
52838,07.05.04 S0093383  BSVOLDSNSS0 SEV=WAR CP1D Volser: P12E36 TotalDSNs:10351 (TotalDSNs > 10000),1+,3
52839,07.05.04 S0093383  BSVOLDSNSS0 SEV=WAR CP1D Volser: PP2D37 TotalDSNs:10281 (TotalDSNs > 10000),1+,3
52840,07.05.04 S0093383  BSVOLDSNSS0 SEV=WAR CP1D Volser: P12291 TotalDSNs:10400 (TotalDSNs > 10000),1+,3
52841,07.05.00 CP2D S0007542  BSVOLDSNSS0 SEV=WAR CP2D Volser: P12090 TotalDSNs:10250 (TotalDSNs > 10000),1+,3
52842,07.05.00 CP2D S0007542  BSVOLDSNSS0 SEV=WAR CP2D Volser: P12678 TotalDSNs:10209 (TotalDSNs > 10000),1+,3
52843,07.05.00 CP2D S0007542  BSVOLDSNSS0 SEV=WAR CP2D Volser: P12191 TotalDSNs:10224 (TotalDSNs > 10000),1+,3
52844,07.05.00 CP2D S0007542  BSVOLDSNSS0 SEV=WAR CP2D Volser: P12291 TotalDSNs:10293 (TotalDSNs > 10000),1+,3
52845,07.05.00 CP2D S0007542  BSVOLDSNSS0 SEV=WAR CP2D Volser: P12091 TotalDSNs:10104 (TotalDSNs > 10000),1+,3
52846,07.05.00 CP2D S0007542  BSVOLDSNSS0 SEV=WAR CP2D Volser: P12092 TotalDSNs:10206 (TotalDSNs > 10000) TotalDSNs:10135 (TotalDSNs > 10000),1+,3
52847,07.05.00 CP2D S0007542  BSVOLDSNSS0 SEV=WAR CP2D Volser: P12F36 TotalDSNs:10197 (TotalDSNs > 10000),1+,3
52848,07.05.00 CP2D S0007542  BSVOLDSNSS0 SEV=WAR CP2D Volser: PP2D37 TotalDSNs:10139 (TotalDSNs > 10000),1+,3
52849,07.05.00 CP2D S0007542  BSVOLDSNSS0 SEV=WAR CP2D Volser: P12290 TotalDSNs:10132 (TotalDSNs > 10000),1+,3
52850,07.05.00 CP2D S0007542  BSVOLDSNSS0 SEV=WAR CP2D Volser: P12190 TotalDSNs:10133 (TotalDSNs > 10000),1+,3
52851,07.05.00 CP2D S0007542  BSVOLDSNSS0 SEV=WAR CP2D Volser: P1267A TotalDSNs:10106 (TotalDSNs > 10000) TotalDSNs:10275 (TotalDSNs > 10000),1+,3
52852,07.05.00 CP2D S0007542  BSVOLDSNSS0 SEV=WAR CP2D Volser: P12778 TotalDSNs:10222 (TotalDSNs > 10000),1+,3
52853,07.05.00 CP2D S0007542  BSVOLDSNSS0 SEV=WAR CP2D Volser: P12779 TotalDSNs:10049 (TotalDSNs > 10000),1+,3
52854,07.05.00 CP2D S0007542  BSVOLDSNSS0 SEV=WAR CP2D Volser: P12E36 TotalDSNs:10219 (TotalDSNs > 10000),1+,3
52855,07.05.00 CP2D S0007542  BSVOLDSNSS0 SEV=WAR CP2D Volser: P12E37 TotalDSNs:10244 (TotalDSNs > 10000),1+,3
52856,07.05.00 CP2D S0007542  BSVOLDSNSS0 SEV=WAR CP2D Volser: P12F35 TotalDSNs:10132 (TotalDSNs > 10000),1+,3
52857,07.05.00 CP2D S0007542  BSVOLDSNSS0 SEV=WAR CP2D Volser: P12292 TotalDSNs:10244 (TotalDSNs > 10000),1+,3
52858,07.05.00 CP2D S0007542  BSVOLDSNSS0 SEV=WAR CP2D Volser: P12192 TotalDSNs:10269 (TotalDSNs > 10000),1+,3
52859,07.05.00 CP2D S0007542  BSVOLDSNSS0 SEV=WAR CP2D Volser: P12F37 TotalDSNs:10276 (TotalDSNs > 10000),1+,3
52860,07.05.00 CP2D S0007542  BSVOLDSNSS0 SEV=WAR CP2D Volser: P1277A TotalDSNs:10152 (TotalDSNs > 10000),1+,3
52861,08.06.30 CP2D S0007542  BSOEXTPDSS0 SEV=WAR CP2C Data Set: SYS0.MLIB.PARMLIB EXTENTS = 16 (Exts > 12),1+,9
52862,10.04.29 J0062000 *IEF099I JOB IXOUTBKX WAITING FOR DATA SETS,1+,0
52863,11.18.38 CP3D S0059824 *DSNB319A  -DP2Y DSNB1CNE THERE IS A SHORTAGE OF * SPACE *IN GROUP BUFFER POOL GBP0,1+,8
52864,12.23.01 S0093013  DSNR035I  -DP31 DSNRPBCW WARNING - UNCOMMITTED UR AFTER 3 CHECKPOINTS - CORRELATION NAME = NS200035 -           LUWID = BOCHQP.DP31APPL.D56180260E66 = 132122 -           PLAN NAME = DSNUTIL -           AUTHID =,10+,9
52865,21.14.55 J0074568  +DBA:BANCS BIG SEGMENT TS FOUND!TSSPYO HAS 26 DATASETS(MAX 32) SYSJOB,1+,1
52866,21.14.54 J0074568  +DBA:BANCS BIG SEGMENT TS FOUND!TSLMVU HAS 20 DATASETS(MAX 32) SYSJOB,1+,1
52867,21.14.54 J0074568  +DBA:BANCS BIG SEGMENT TS FOUND!TSSAFE HAS 22 DATASETS(MAX 32) SYSJOB,1+,1
52868,21.13.48 J0074568  +DBA:BANCS BIG PARTITION TS FOUND!TSGECT PART 252 72.8% INUSE SYSJOB,1+,6
52869,21.13.47 J0074568  +DBA:BANCS BIG PARTITION TS FOUND!TSGECT PART 251 81.3% INUSE SYSJOB,1+,6
52870,21.13.47 J0074568  +DBA:BANCS BIG PARTITION TS FOUND!TSGECT PART 243 71.1% INUSE SYSJOB,1+,6
52871,21.13.47 J0074568  +DBA:BANCS BIG PARTITION TS FOUND!TSGECT PART 169 70.5% INUSE SYSJOB,1+,6
52872,21.13.47 J0074568  +DBA:BANCS BIG PARTITION TS FOUND!TSGECT PART 159 82.0% INUSE SYSJOB,1+,6
52873,21.13.46 J0074568  +DBA:BANCS BIG PARTITION TS FOUND!TSGECT PART 98 81.1% INUSE SYSJOB,1+,6
52874,21.13.46 J0074568  +DBA:BANCS BIG PARTITION TS FOUND!TSGECT PART 87 73.9% INUSE SYSJOB,1+,6
52875,21.13.46 J0074568  +DBA:BANCS BIG PARTITION TS FOUND!TSGECT PART 126 76.2% INUSE SYSJOB,1+,6
52876,21.10.51 J0074620 *IEF099I JOB NA100006 WAITING FOR DATA SETS,1+,0
52877,21.04.10 J0074520  +DBA:EISS BIG SEGMENT TS FOUND!CGEN263P HAS 22 DATASETS(MAX 32) SYSJOB GEN NOT SUPPORTED,1+,1
52878,21.04.10 J0074520  +DBA:EISS BIG SEGMENT TS FOUND!CGEN048P HAS 20 DATASETS(MAX 32) SYSJOB,1+,1
52879,21.04.10 J0074520  +DBA:EISS BIG SEGMENT TS FOUND!CGEN050P HAS 20 DATASETS(MAX 32) SYSJOB,1+,1
52880,21.04.10 J0074520  +DBA:EISS BIG SEGMENT TS FOUND!CGEN246P HAS 21 DATASETS(MAX 32) SYSJOB,1+,1
52881,21.04.10 J0074520  +DBA:EISS BIG SEGMENT TS FOUND!CGEN245P HAS 24 DATASETS(MAX 32) SYSJOB,1+,1
52882,00.46.09 S0093434  +CSQX599E !QWP1 CSQXRCTL Channel SWIFTI.SWIFTLNK.CHL ended abnormally,10+,9
52883,00.34.56 CP3C S0048456  +CSQX599E !QP1S CSQXRCTL Channel SWIFTI.BPS.CHL ended abnormally,10+,9
52884,"00.33.29 CP3C S0048456  +CSQX209E !QP1S CSQXRCTL Connection unexpectedly terminated, channel SWIFTI.BPS.CHL -  connection 21.13.69.121 -  (queue manager QMSBPS_GW) -  TRPTYPE=TCP RC=00000000",1+,9
52885,"00.31.43 S0093045  +CSQX209E !QWP2 CSQXRCTL Connection unexpectedly terminated, channel SWIFTI.SWIFTLNK.CHL -  connection 21.13.69.121 -  (queue manager QMSBPS_GW) -  TRPTYPE=TCP RC=00000000",1+,9
52886,"00.01.22 S0093045  +CSQX209E !QWP2 CSQXRESP Connection unexpectedly terminated, connection 11.3.2.5 -  (queue manager QWP0) -  TRPTYPE=TCP RC=00000000",1+,9
52887,01.41.32 S0093400  DSNR035I  -DPW1 DSNRPBCW WARNING - UNCOMMITTED UR AFTER 12 CHECKPOINTS - CORRELATION NAME = DELMWH01 -           CONNECTION ID  = BATCH -           LUWID = BOCHQP.DPW1APPL.D56227EBDF4F = 86287 -           PLAN N,10+,9
52888,"01.39.46 CP2A           IOS080I 15BA,84,TP884413, I/O TIMEOUT INTERVAL HAS BEEN EXCEEDED FOR AN ACTIVE REQUEST. DATASET NAME=PRDDEDPR.REFORM.VMVE.TR884413",1+,4
52889,01.38.23 J0092353 *IEF099I JOB P1ZOSDL  WAITING FOR DATA SETS,1+,0
52890,01.14.37 CP2B J0105187 *IEF099I JOB TMZ60000 WAITING FOR DATA SETS,1+,0
52891,01.05.09 CP3B J0171107 *IEF099I JOB SMFMRGCI WAITING FOR DATA SETS,1+,0
52892,"01.05.02 J0091180 *IEF099I JOB SMFMRGCI WAITING FOR DATA SETS DECEMBER 16, 2018",1+,0
52893,01.00.07 CP3D J0170033 *IEF099I JOB SMFMRGOS WAITING FOR DATA SETS,1+,0
52894,02.52.01 J0107270 *IEF099I JOB G01S506B WAITING FOR DATA SETS,1+,0
52895,02.41.39 S0093400  DSNR035I  -DPW1 DSNRPBCW WARNING - UNCOMMITTED UR AFTER 12 CHECKPOINTS - CORRELATION NAME = DELSWMSG -           CONNECTION ID  = BATCH -           LUWID = BOCHQP.DPW1APPL.D5623790861B = 87582 -           PLAN N,10+,9
52896,02.36.04 S0093003  BQAPPQDEPS0 SEV=WAR QWP2 NamedQueue: GUPP.SWIFTI.SEND.RECVQ CURRENT DEPTH:2001 (CurrentDepth >= 2000),10+,9
52897,02.20.11 J0104599 *IEF099I JOB P1CICSDL WAITING FOR DATA SETS,1+,0
52898,02.15.02 CP3B J0177532 *IEF099I JOB RMFRPTD3 WAITING FOR DATA SETS,1+,0
52899,03.34.01 CP3C S0048685  BZTPJSTRCS0 SEV=WAR ALL Jobname: EDGJSLU3 (CondCode > 4) OR (Abend Code <> '')         带库管理软件地址空间及批量备份作业返回码监控,10+,9
52900,05.43.20 J0110135 *IEF099I JOB G0FSP008 WAITING FOR DATA SETS,1+,0
52901,05.11.09 J0109632 *IEF099I JOB AXBKOUT  WAITING FOR DATA SETS,1+,0
52902,05.04.50 J0109234  +DBA:BANCS BIG SEGMENT TS FOUND!TSLMVU HAS 20 DATASETS(MAX 32) SYSJOB,1+,1
52903,05.04.50 J0109234  +DBA:BANCS BIG SEGMENT TS FOUND!TSSAFE HAS 22 DATASETS(MAX 32) SYSJOB,1+,1
52904,05.04.50 J0109234  +DBA:BANCS BIG SEGMENT TS FOUND!TSSPYO HAS 26 DATASETS(MAX 32) SYSJOB,1+,1
52905,05.04.10 J0109297  +DBA:EISS BIG SEGMENT TS FOUND!CGEN245P HAS 24 DATASETS(MAX 32) SYSJOB,1+,1
52906,05.04.10 J0109297  +DBA:EISS BIG SEGMENT TS FOUND!CGEN246P HAS 21 DATASETS(MAX 32) SYSJOB,1+,1
52907,05.04.10 J0109297  +DBA:EISS BIG SEGMENT TS FOUND!CGEN050P HAS 20 DATASETS(MAX 32) SYSJOB,1+,1
52908,05.04.10 J0109297  +DBA:EISS BIG SEGMENT TS FOUND!CGEN263P HAS 22 DATASETS(MAX 32) SYSJOB,1+,1
52909,05.04.10 J0109297  +DBA:EISS BIG SEGMENT TS FOUND!CGEN048P HAS 20 DATASETS(MAX 32) SYSJOB,1+,1
52910,05.03.44 J0109234  +DBA:BANCS BIG PARTITION TS FOUND!TSGECT PART 169 70.5% INUSE SYSJOB,1+,6
52911,05.03.45 J0109234  +DBA:BANCS BIG PARTITION TS FOUND!TSGECT PART 251 81.3% INUSE SYSJOB Volume FE2585 (/tapelibPRODHSH/DD1_POOL02_FS14/FE2585) already scratched,10+,6
52912,05.03.45 J0109234  +DBA:BANCS BIG PARTITION TS FOUND!TSGECT PART 252 72.8% INUSE SYSJOB,1+,6
52913,05.03.44 J0109234  +DBA:BANCS BIG PARTITION TS FOUND!TSGECT PART 243 71.1% INUSE SYSJOB,1+,6
52914,05.03.43 J0109234  +DBA:BANCS BIG PARTITION TS FOUND!TSGECT PART 126 76.2% INUSE SYSJOB,1+,6
52915,05.03.44 J0109234  +DBA:BANCS BIG PARTITION TS FOUND!TSGECT PART 159 82.0% INUSE SYSJOB,1+,6
52916,05.03.43 J0109234  +DBA:BANCS BIG PARTITION TS FOUND!TSGECT PART 98 81.1% INUSE SYSJOB,1+,6
52917,05.03.43 J0109234  +DBA:BANCS BIG PARTITION TS FOUND!TSGECT PART 87 73.9% INUSE SYSJOB,1+,6
52918,06.41.56 CP3C J0014319 *IEF099I JOB DEDPAT31 WAITING FOR DATA SETS,1+,0
52919,08.23.51 CP3C J0032301 *IEF099I JOB DEDPRS31 WAITING FOR DATA SETS,1+,0
52920,08.15.47 CP3C J0028957 *IEF099I JOB DEDPIE23 WAITING FOR DATA SETS,1+,0
52921,12.28.17 S0093401  DSNR035I  -DP61 DSNRPBCW WARNING - UNCOMMITTED UR AFTER 3 CHECKPOINTS - CORRELATION NAME = NS200023 -           CONNECTION ID  = UTILITY -           LUWID = BOCHQP.DP61APPL.D562C20ED8A1 = 69497 -           PLAN,10+,9
52922,21.15.04 J0121368  +DBA:BANCS BIG SEGMENT TS FOUND!TSSAFE HAS 22 DATASETS(MAX 32) SYSJOB,1+,1
52923,21.15.04 J0121368  +DBA:BANCS BIG SEGMENT TS FOUND!TSSPYO HAS 26 DATASETS(MAX 32) SYSJOB,1+,1
52924,21.15.04 J0121368  +DBA:BANCS BIG SEGMENT TS FOUND!TSLMVU HAS 20 DATASETS(MAX 32) SYSJOB,1+,1
52925,21.13.49 J0121368  +DBA:BANCS BIG PARTITION TS FOUND!TSGECT PART 252 72.8% INUSE SYSJOB,1+,6
52926,21.13.48 J0121368  +DBA:BANCS BIG PARTITION TS FOUND!TSGECT PART 251 81.3% INUSE SYSJOB,1+,6
52927,21.13.48 J0121368  +DBA:BANCS BIG PARTITION TS FOUND!TSGECT PART 243 71.1% INUSE SYSJOB,1+,6
52928,21.13.47 J0121368  +DBA:BANCS BIG PARTITION TS FOUND!TSGECT PART 234 70.0% INUSE SYSJOB 243 71.1% INUSE,1+,6
52929,"21.13.46 J0121368  +DBA:BANCS BIG PARTITION TS FOUND!TSGECT PART 98 81.1% INUSE SYSJOB DSNAME=DSNDP01R.DP71.AC1.D2018350.T2113007.A0168552, - STARTRBA=000000013E1DA3C5C000, ENDRBA=000000013E1E76C1BFFF, - STARTLRSN=00D563357E271A5A2400, ENDLRSN=00D5633B535",100+,9
52930,21.13.47 J0121368  +DBA:BANCS BIG PARTITION TS FOUND!TSGECT PART 169 70.6% INUSE SYSJOB,1+,6
52931,21.13.45 J0121368  +DBA:BANCS BIG PARTITION TS FOUND!TSGECT PART 87 74.0% INUSE SYSJOB,1+,6
52932,21.13.46 J0121368  +DBA:BANCS BIG PARTITION TS FOUND!TSGECT PART 126 76.2% INUSE SYSJOB,1+,6
52933,21.13.46 J0121368  +DBA:BANCS BIG PARTITION TS FOUND!TSGECT PART 159 82.5% INUSE SYSJOB,1+,6
52934,21.12.04 J0121447 *IEF099I JOB NA100006 WAITING FOR DATA SETS,1+,0
52935,21.04.10 J0121337  +DBA:EISS BIG SEGMENT TS FOUND!CGEN245P HAS 24 DATASETS(MAX 32) SYSJOB,1+,1
52936,21.04.10 J0121337  +DBA:EISS BIG SEGMENT TS FOUND!CGEN246P HAS 21 DATASETS(MAX 32) SYSJOB,1+,1
52937,21.04.10 J0121337  +DBA:EISS BIG SEGMENT TS FOUND!CGEN048P HAS 20 DATASETS(MAX 32) SYSJOB,1+,1
52938,21.04.10 J0121337  +DBA:EISS BIG SEGMENT TS FOUND!CGEN263P HAS 22 DATASETS(MAX 32) SYSJOB,1+,1
52939,21.04.10 J0121337  +DBA:EISS BIG SEGMENT TS FOUND!CGEN050P HAS 20 DATASETS(MAX 32) SYSJOB,1+,1
52940,23.10.05 J0128857 *IEF099I JOB G01S663B WAITING FOR DATA SETS,1+,0
52941,00.31.49 J0133813 *IEF099I JOB G01S506B WAITING FOR DATA SETS,1+,0
52942,00.02.41 J0133632 *IEF099I JOB G01S023B WAITING FOR DATA SETS,1+,0
52943,01.36.01 J0134402 *IEF099I JOB P1ZOSDL  WAITING FOR DATA SETS,1+,0
52944,01.30.37 CP2B J0174213 *IEF099I JOB TMZ60000 WAITING FOR DATA SETS,1+,0
52945,02.04.05 J0134640 *IEF099I JOB P1CICSDL WAITING FOR DATA SETS,1+,0
52946,"03.47.03 CP2A           IOS080I 4DFB,A5,ZN236201, I/O TIMEOUT INTERVAL HAS BEEN EXCEEDED FOR AN ACTIVE REQUEST. DATASET NAME=PRDDEDPR.REFORM.INVM.TR876201",1+,4
52947,03.46.03 J0139337 *IEF099I JOB G01UL133 WAITING FOR DATA SETS,1+,0
52948,03.10.24 J0135009 *IEF099I JOB SA060000 WAITING FOR DATA SETS,1+,0
52949,"04.32.41           IOS080I 57D9,76,ZAPISS0G, I/O TIMEOUT INTERVAL HAS BEEN EXCEEDED FOR AN ACTIVE REQUEST. DATASET NAME=SYS1.VTOC.VP11674",1+,4
52950,"04.32.39           IOS080I 55E2,78,ZAPISS0B, I/O TIMEOUT INTERVAL HAS BEEN EXCEEDED FOR AN ACTIVE REQUEST.",1+,4
52951,05.58.08 J0152828  +DBA:BANCS BIG PARTITION TS FOUND!TSINCT PART 398 85.7% INUSE SYSJOB,1+,6
52952,05.58.04 J0152828  +DBA:BANCS BIG PARTITION TS FOUND!TSINCT PART 348 86.9% INUSE SYSJOB,1+,6
52953,05.58.03 J0152828  +DBA:BANCS BIG PARTITION TS FOUND!TSINCT PART 343 87.0% INUSE SYSJOB,1+,6
52954,05.58.00 J0152828  +DBA:BANCS BIG PARTITION TS FOUND!TSINCT PART 328 86.6% INUSE SYSJOB,1+,6
52955,05.58.01 J0152828  +DBA:BANCS BIG PARTITION TS FOUND!TSINCT PART 333 86.4% INUSE SYSJOB,1+,6
52956,05.57.42 J0152828  +DBA:BANCS BIG PARTITION TS FOUND!TSINCT PART 123 89.1% INUSE SYSJOB,1+,6
52957,05.57.41 J0152828  +DBA:BANCS BIG PARTITION TS FOUND!TSINCT PART 110 74.4% INUSE SYSJOB 123 89.1% INUSE,1+,6
52958,05.57.37 J0152828  +DBA:BANCS BIG PARTITION TS FOUND!TSGECT PART 252 72.8% INUSE SYSJOB,1+,6
52959,05.57.35 J0152828  +DBA:BANCS BIG PARTITION TS FOUND!TSGECT PART 243 71.1% INUSE SYSJOB,1+,6
52960,05.57.35 J0152828  +DBA:BANCS BIG PARTITION TS FOUND!TSGECT PART 234 70.0% INUSE SYSJOB,1+,6
52961,05.57.36 J0152828  +DBA:BANCS BIG PARTITION TS FOUND!TSGECT PART 251 81.3% INUSE SYSJOB,1+,6
52962,05.57.34 J0152828  +DBA:BANCS BIG PARTITION TS FOUND!TSGECT PART 169 70.6% INUSE SYSJOB,1+,6
52963,05.57.31 J0152828  +DBA:BANCS BIG PARTITION TS FOUND!TSGECT PART 98 81.1% INUSE SYSJOB GEN NOT SUPPORTED,1+,6
52964,05.57.32 J0152828  +DBA:BANCS BIG PARTITION TS FOUND!TSGECT PART 126 76.2% INUSE SYSJOB,1+,6
52965,05.57.33 J0152828  +DBA:BANCS BIG PARTITION TS FOUND!TSGECT PART 159 82.5% INUSE SYSJOB,1+,6
52966,05.57.30 J0152828  +DBA:BANCS BIG PARTITION TS FOUND!TSGECT PART 87 74.0% INUSE SYSJOB,1+,6
52967,05.37.09 S0093011 *DSNB319A  -DP71 DSNB1CNE THERE IS A SHORTAGE OF SPACE *IN GROUP BUFFER POOL GBP32K1,1+,8
52968,05.15.11 J0154015 *IEF099I JOB AXBKOUT  WAITING FOR DATA SETS,1+,0
52969,05.04.12 J0152907  +DBA:EISS BIG SEGMENT TS FOUND!CGEN245P HAS 24 DATASETS(MAX 32) SYSJOB,1+,1
52970,05.04.12 J0152907  +DBA:EISS BIG SEGMENT TS FOUND!CGEN050P HAS 20 DATASETS(MAX 32) SYSJOB,1+,1
52971,05.04.12 J0152907  +DBA:EISS BIG SEGMENT TS FOUND!CGEN246P HAS 21 DATASETS(MAX 32) SYSJOB,1+,1
52972,05.04.12 J0152907  +DBA:EISS BIG SEGMENT TS FOUND!CGEN048P HAS 20 DATASETS(MAX 32) SYSJOB DATASETS(MAX 32) SYSJOB,1+,1
52973,05.04.12 J0152907  +DBA:EISS BIG SEGMENT TS FOUND!CGEN263P HAS 22 DATASETS(MAX 32) SYSJOB,1+,1
52974,06.44.35 CP3D J0128377 *IEF099I JOB DEDPHU31 WAITING FOR DATA SETS,1+,0
52975,07.34.56 S0093003  BQBANCBGLS0 SEV=WAR QP31 NamedQueue: BANCS.BGLHASHB.QUEUE CURRENT DEPTH:51335 (CurrentDepth >= 20000)         请关注BGL队列深度变化，加强监控,10+,9
52976,07.34.56 S0093003  BQBANCBGLS0 SEV=WAR QP41 NamedQueue: BANCS.BGLHASHB.QUEUE CURRENT DEPTH:51335 (CurrentDepth >= 20000) BANCS.BGLHASHB.QUEUE CURRENT DEPTH:51335 (CurrentDepth >= 20000)        请关注BGL队列深度变化，加强监控,10+,9
52977,08.06.27 CP2D S0007542  BSOEXTPDSS0 SEV=WAR CP2C Data Set: SYS0.MLIB.PARMLIB EXTENTS = 16 (Exts > 12),1+,9
52978,12.58.11 S0093013  DSNR035I  -DP31 DSNRPBCW WARNING - UNCOMMITTED UR AFTER 3 CHECKPOINTS - CORRELATION NAME = TF006302 -           CONNECTION ID  = BATCH -           LUWID = BOCHQP.DP31APPL.D5640C294033 = 32951 -           PLAN NA,10+,9
52979,21.15.20 J0019393  +DBA:BANCS BIG SEGMENT TS FOUND!TSSPYO HAS 26 DATASETS(MAX 32) SYSJOB,1+,1
52980,21.15.20 J0019393  +DBA:BANCS BIG SEGMENT TS FOUND!TSSAFE HAS 22 DATASETS(MAX 32) SYSJOB,1+,1
52981,21.15.20 J0019393  +DBA:BANCS BIG SEGMENT TS FOUND!TSLMVU HAS 20 DATASETS(MAX 32) SYSJOB,1+,1
52982,21.14.21 J0019393  +DBA:BANCS BIG PARTITION TS FOUND!TSINCT PART 338 86.3% INUSE SYSJOB,1+,6
52983,21.14.21 J0019393  +DBA:BANCS BIG PARTITION TS FOUND!TSINCT PART 343 87.0% INUSE SYSJOB,1+,6
52984,21.14.23 J0019393  +DBA:BANCS BIG PARTITION TS FOUND!TSINCT PART 398 85.7% INUSE SYSJOB,1+,6
52985,21.14.22 J0019393  +DBA:BANCS BIG PARTITION TS FOUND!TSINCT PART 348 86.9% INUSE SYSJOB,1+,6
52986,"21.14.21 J0019393  +DBA:BANCS BIG PARTITION TS FOUND!TSINCT PART 333 86.4% INUSE SYSJOB operation - by utility ""LOAD SHRLEVEL NONE REPLACE"" was detected on table - ""NBANCS.TIER"" for Q subscription ""PUBDD_NTIER"" (receive queue - ""QR.NI.SENDQ1.QPS1.TO.QMENP",10+,9
52987,"21.14.20 J0019393  +DBA:BANCS BIG PARTITION TS FOUND!TSINCT PART 328 86.6% INUSE SYSJOB operation - by utility ""LOAD SHRLEVEL NONE REPLACE"" was detected on table - ""NBANCS.TIER"" for Q subscription ""PUBDD_NTIER"" (receive queue - ""QR.NI.SENDQ1.QPY1.TO.QMENP",10+,9
52988,21.14.11 J0019393  +DBA:BANCS BIG PARTITION TS FOUND!TSGECT PART 159 83.2% INUSE SYSJOB,1+,6
52989,21.14.11 J0019393  +DBA:BANCS BIG PARTITION TS FOUND!TSGECT PART 126 76.5% INUSE SYSJOB,1+,6
52990,21.14.12 J0019393  +DBA:BANCS BIG PARTITION TS FOUND!TSGECT PART 243 71.1% INUSE SYSJOB,1+,6
52991,21.14.12 J0019393  +DBA:BANCS BIG PARTITION TS FOUND!TSGECT PART 251 81.4% INUSE SYSJOB,1+,6
52992,21.14.12 J0019393  +DBA:BANCS BIG PARTITION TS FOUND!TSGECT PART 234 70.2% INUSE SYSJOB,1+,6
52993,21.14.13 J0019393  +DBA:BANCS BIG PARTITION TS FOUND!TSGECT PART 252 73.0% INUSE SYSJOB 73.0% INUSE SYSJOB,1+,6
52994,21.14.15 J0019393  +DBA:BANCS BIG PARTITION TS FOUND!TSINCT PART 123 89.1% INUSE SYSJOB,1+,6
52995,21.14.10 J0019393  +DBA:BANCS BIG PARTITION TS FOUND!TSGECT PART 98 81.4% INUSE SYSJOB,1+,6
52996,21.14.10 J0019393  +DBA:BANCS BIG PARTITION TS FOUND!TSGECT PART 87 74.4% INUSE SYSJOB,1+,6
52997,21.11.08 J0019459 *IEF099I JOB NA100006 WAITING FOR DATA SETS,1+,0
52998,21.04.11 J0019346  +DBA:EISS BIG SEGMENT TS FOUND!CGEN263P HAS 22 DATASETS(MAX 32) SYSJOB,1+,1
52999,21.04.11 J0019346  +DBA:EISS BIG SEGMENT TS FOUND!CGEN048P HAS 20 DATASETS(MAX 32) SYSJOB,1+,1
53000,21.04.11 J0019346  +DBA:EISS BIG SEGMENT TS FOUND!CGEN050P HAS 20 DATASETS(MAX 32) SYSJOB,1+,1
53001,21.04.11 J0019346  +DBA:EISS BIG SEGMENT TS FOUND!CGEN246P HAS 21 DATASETS(MAX 32) SYSJOB,1+,1
53002,21.04.11 J0019346  +DBA:EISS BIG SEGMENT TS FOUND!CGEN245P HAS 24 DATASETS(MAX 32) SYSJOB,1+,1
53003,23.01.22 S0093013  DSNR035I  -DP31 DSNRPBCW WARNING - UNCOMMITTED UR AFTER 3 CHECKPOINTS - CORRELATION NAME = EI604401 -           CONNECTION ID  = BATCH -           LUWID = BOCHQP.DP31APPL.D56494EA90CB = 127779 -           PLAN N,1+,9
53004,23.01.22 S0093013  DSNR035I  -DP31 DSNRPBCW WARNING - UNCOMMITTED UR AFTER 3 CHECKPOINTS - CORRELATION NAME = EI604401 -           CONNECTION ID  = BATCH -           LUWID = BOCHQP.DP31APPL.D56494EA90CB = 127779 -           PLAN N,1+,9
53005,01.38.58 CP2A J0043240 *IEF099I JOB TMZ60000 WAITING FOR DATA SETS,1+,0
53006,01.39.27 J0032175 *IEF099I JOB P1ZOSDL  WAITING FOR DATA SETS,1+,0
53007,01.05.03 CP3B J0197418 *IEF099I JOB SMFMRGCI WAITING FOR DATA SETS,1+,0
53008,01.05.03 J0031851 *IEF099I JOB SMFMRGCI WAITING FOR DATA SETS,1+,0
53009,02.25.33 J0032534 *IEF099I JOB P1CICSDL WAITING FOR DATA SETS,1+,0
53010,"02.19.16 CP2B           IOS080I 15BA,A4,C404144B, I/O TIMEOUT INTERVAL HAS BEEN EXCEEDED FOR AN ACTIVE REQUEST. DATASET NAME=PRDC64R.LVEQ.ET.ETQD2041.A4411",1+,4
53011,02.15.02 CP3B J0003565 *IEF099I JOB RMFRPTD3 WAITING FOR DATA SETS,1+,0
53012,03.28.07 J0037758 *IEF099I JOB G01S506B WAITING FOR DATA SETS Volume FE2997 (/tapelibPRODHSH/DD1_POOL02_FS13/FE2997) already scratched,10+,0
53013,04.31.36 CP3D J0020376 *IEF099I JOB DEDPDES5 WAITING FOR DATA SETS,1+,0
53014,04.31.32 CP3D J0020368 *IEF099I JOB DEDPG1U4 WAITING FOR DATA SETS,1+,0
53015,"04.17.25 CP2B          *IXC585E STRUCTURE LOGRECSTRUCTURE IN COUPLING * FACILITY BCC2C2, *PHYSICAL STRUCTURE VERSION D3C53696 F18B86E4, *IS AT OR ABOVE STRUCTURE FULL MONITORING THRESHOLD OF 80%: *   SPACE USAGE     IN-USE       T",1+,8
53016,"04.11.37 CP2D           IOS080I 4CBA,AC,ZS010025, I/O TIMEOUT INTERVAL HAS BEEN EXCEEDED FOR AN ACTIVE REQUEST. DATASET NAME=PRDDEDPR.UNLOIM25",1+,4
53017,05.51.59 S0093383  BSSTRGRUPS1 SEV=WAR CP1D SG: SGIMGDP CURRENT: 85.50 (Enabled%Full >= 85),10+,9
53018,"05.31.34 CP2C           IOS080I E53E,FE,BKCUSS12, I/O TIMEOUT INTERVAL HAS BEEN EXCEEDED FOR AN ACTIVE REQUEST.",1+,4
53019,05.18.11 J0053802 *IEF099I JOB AXBKOUT  WAITING FOR DATA SETS,1+,0
53020,05.07.55 J0053176  +DBA:BANCS BIG PARTITION TS FOUND!TSINCT PART 343 87.0% INUSE SYSJOB,1+,6
53021,05.07.56 J0053176  +DBA:BANCS BIG PARTITION TS FOUND!TSINCT PART 348 86.9% INUSE SYSJOB,1+,6
53022,05.07.54 J0053176  +DBA:BANCS BIG PARTITION TS FOUND!TSINCT PART 338 86.3% INUSE SYSJOB,1+,6
53023,05.07.53 J0053176  +DBA:BANCS BIG PARTITION TS FOUND!TSINCT PART 333 86.4% INUSE SYSJOB,1+,6
53024,05.07.52 J0053176  +DBA:BANCS BIG PARTITION TS FOUND!TSINCT PART 328 86.6% INUSE SYSJOB,1+,6
53025,05.07.37 J0053176  +DBA:BANCS BIG PARTITION TS FOUND!TSINCT PART 123 89.1% INUSE SYSJOB,1+,6
53026,05.04.12 J0053226  +DBA:EISS BIG SEGMENT TS FOUND!CGEN245P HAS 24 DATASETS(MAX 32) SYSJOB,1+,1
53027,05.04.12 J0053226  +DBA:EISS BIG SEGMENT TS FOUND!CGEN263P HAS 22 DATASETS(MAX 32) SYSJOB,1+,1
53028,05.04.12 J0053226  +DBA:EISS BIG SEGMENT TS FOUND!CGEN048P HAS 20 DATASETS(MAX 32) SYSJOB,1+,1
53029,05.04.12 J0053226  +DBA:EISS BIG SEGMENT TS FOUND!CGEN050P HAS 20 DATASETS(MAX 32) SYSJOB,1+,1
53030,05.04.12 J0053226  +DBA:EISS BIG SEGMENT TS FOUND!CGEN246P HAS 21 DATASETS(MAX 32) SYSJOB DATASETS(MAX 32) SYSJOB,1+,1
53031,07.31.36 S0093003  BQBANCBGLS0 SEV=WAR QP31 NamedQueue: BANCS.BGLHASHB.QUEUE CURRENT DEPTH:22347 (CurrentDepth >= 20000)         请关注BGL队列深度变化，加强监控,10+,9
53032,07.30.27 J0055992 *IEF099I JOB A01S804B WAITING FOR DATA SETS,1+,0
53033,08.06.26 CP2D S0007542  BSOEXTPDSS0 SEV=WAR CP2C Data Set: SYS0.MLIB.PARMLIB EXTENTS = 16 (Exts > 12),1+,9
53034,12.41.54 S0093536  DSNR035I  -DP41 DSNRPBCW WARNING - UNCOMMITTED UR AFTER 3 CHECKPOINTS - CORRELATION NAME = NS200023 -           CONNECTION ID  = UTILITY -           LUWID = BOCHQP.DP41APPL.D56548986150 = 56278 -           PLAN,10+,9
53035,14.38.41 J0081548 *IEF099I JOB CXC2CVT  WAITING FOR DATA SETS,1+,0
53036,二 12月 18 21:20:01 CST 2018 Netcool主机监控出现异常,10+,9
53037,22.40.22 J0116576 *IEF099I JOB G01S663B WAITING FOR DATA SETS,1+,0
53038,01.41.24 J0130665 *IEF099I JOB P1ZOSDL  WAITING FOR DATA SETS,1+,0
53039,01.32.42 CP2A J0112751 *IEF099I JOB TMZ60000 WAITING FOR DATA SETS,1+,0
53040,01.22.13 S0093536 *DSNB319A  -DP41 DSNB1CNE THERE IS A SHORTAGE OF SPACE *IN GROUP BUFFER POOL GBP3,1+,8
53041,"01.19.33          *IOS002A 0702,NO PATHS AVAILABLE",100+,9
53042,01.15.31 J0129978 *IEF099I JOB G01SAGOC WAITING FOR DATA SETS,1+,0
53043,01.05.02 CP3B J0110982 *IEF099I JOB SMFMRGCI WAITING FOR DATA SETS,1+,0
53044,01.05.03 J0129950 *IEF099I JOB SMFMRGCI WAITING FOR DATA SETS,1+,0
53045,02.59.06 S0093536 *DSNB319A  -DP41 DSNB1CNE THERE IS A SHORTAGE OF SPACE *IN GROUP BUFFER POOL GBP32K1,1+,8
53046,02.57.38 CP2C J0143699 *IEF099I JOB C4CARD00 WAITING FOR DATA SETS,1+,0
53047,02.44.22 J0142981 *IEF099I JOB G01S506B WAITING FOR DATA SETS,1+,0
53048,02.15.06 CP3B J0116550 *IEF099I JOB RMFRPTD3 WAITING FOR DATA SETS,1+,0
53049,02.13.17 J0141635 *IEF099I JOB P1CICSDL WAITING FOR DATA SETS,1+,0
53050,"02.08.03 CP2B           IOS080I 5AC8,78,C4042611, I/O TIMEOUT INTERVAL HAS BEEN EXCEEDED FOR AN ACTIVE REQUEST. DATASET NAME=PRDC64R.LVEQ.ET.ETQD2042.A6101",1+,4
53051,03.10.19 S0093536 *DSNB319A  -DP41 DSNB1CNE THERE IS A SHORTAGE OF SPACE *IN GROUP BUFFER POOL GBP32K1,1+,8
53052,05.22.12 J0148577 *IEF099I JOB A01S804B WAITING FOR DATA SETS,1+,0
53053,05.12.24 J0148408 *IEF099I JOB AXBKOUT  WAITING FOR DATA SETS,1+,0
53054,05.07.55 J0147859  +DBA:BANCS BIG SEGMENT TS FOUND!TSLMVU HAS 21 DATASETS(MAX 32) SYSJOB,1+,1
53055,05.07.55 J0147859  +DBA:BANCS BIG SEGMENT TS FOUND!TSSPYO HAS 28 DATASETS(MAX 32) SYSJOB,1+,1
53056,05.06.21 J0147859  +DBA:BANCS BIG PARTITION TS FOUND!TSINCT PART 343 87.0% INUSE SYSJOB Volume FK0343 (/tapelibPRODHSH/DD1_POOL02_FS6/FK0343) already scratched,10+,6
53057,05.06.21 J0147859  +DBA:BANCS BIG PARTITION TS FOUND!TSINCT PART 348 86.9% INUSE SYSJOB,1+,6
53058,05.06.20 J0147859  +DBA:BANCS BIG PARTITION TS FOUND!TSINCT PART 338 86.3% INUSE SYSJOB,1+,6
53059,05.06.19 J0147859  +DBA:BANCS BIG PARTITION TS FOUND!TSINCT PART 333 86.4% INUSE SYSJOB,1+,6
53060,05.06.21 J0147859  +DBA:BANCS BIG PARTITION TS FOUND!TSINCT PART 343 87.0% INUSE SYSJOB,1+,6
53061,05.06.24 J0147859  +DBA:BANCS BIG PARTITION TS FOUND!TSINCT PART 398 85.7% INUSE SYSJOB,1+,6
53062,05.06.18 J0147859  +DBA:BANCS BIG PARTITION TS FOUND!TSINCT PART 328 86.6% INUSE SYSJOB,1+,6
53063,05.06.05 J0147859  +DBA:BANCS BIG PARTITION TS FOUND!TSINCT PART 123 89.1% INUSE SYSJOB,1+,6
53064,05.04.10 J0148114  +DBA:EISS BIG SEGMENT TS FOUND!CGEN048P HAS 20 DATASETS(MAX 32) SYSJOB,1+,1
53065,05.04.10 J0148114  +DBA:EISS BIG SEGMENT TS FOUND!CGEN263P HAS 22 DATASETS(MAX 32) SYSJOB,1+,1
53066,05.04.10 J0148114  +DBA:EISS BIG SEGMENT TS FOUND!CGEN050P HAS 20 DATASETS(MAX 32) SYSJOB,1+,1
53067,05.04.10 J0148114  +DBA:EISS BIG SEGMENT TS FOUND!CGEN246P HAS 21 DATASETS(MAX 32) SYSJOB,1+,1
53068,05.04.10 J0148114  +DBA:EISS BIG SEGMENT TS FOUND!CGEN245P HAS 24 DATASETS(MAX 32) SYSJOB,1+,1
53069,07.30.15 J0149622 *IEF099I JOB G01S260B WAITING FOR DATA SETS,1+,0
53070,07.30.08 J0149618 *IEF099I JOB G01S192B WAITING FOR DATA SETS,1+,0
53071,08.26.36 CP2C S0007541  BZTPJSTRCS0 SEV=WAR ALL Jobname: IMAALL1 (CondCode > 4) OR (Abend Code <> '')         带库管理软件地址空间及批量备份作业返回码监控,10+,9
53072,08.06.29 CP2D S0007542  BSOEXTPDSS0 SEV=WAR CP2C Data Set: SYS0.MLIB.PARMLIB EXTENTS = 16 (Exts > 12),1+,9
53073,"09.27.05 S0093532  _EYUPN0005W CIP1MM41 Notify created for SAM, Context=CPLEXBBS, Target=CIP1KT42, Sev=HS, Event=!!SAMMAX, Text=MAXTASK at 09:27:05.",10+,9
53074,"10.23.23 CP2B          *IXC585E STRUCTURE LOGRECSTRUCTURE IN COUPLING * FACILITY BCC2C2, *PHYSICAL STRUCTURE VERSION D3C53696 F18B86E4, *IS AT OR ABOVE STRUCTURE FULL MONITORING THRESHOLD OF 80%: *   SPACE USAGE     IN-USE       T",1+,8
53075,"11.18.15 CP2B S0103662  DSNP007I  -DP61 DSNPXTN0 - EXTEND FAILED FOR DSNDP01S.DSNDBD.DP61WORK.DSN32K20.I0001.A001. RC=00D70027 -            CONNECTION-ID=BATCH, CORRELATION-ID=XREF, -            LUW-ID=DSNDP01.DP61APPL.D5667B08719",10+,9
53076,"12.11.58 S0093009  +EYUPN0005W CIP1MM31 Notify created for SAM, Context=CPLEXBBS, Target=CIP1KT32, Sev=HS, Event=!!SAMMAX, Text=MAXTASK at 12:11:58. -  Context=CPLEXBBS, -  Target=CIP1KT32, Sev=HS, Event=!!SAMMAX, Text=MAXTASK at 12:11:58.",10+,9
53077,15.12.14 J0177858 *IEF099I JOB SORTSUM2 WAITING FOR DATA SETS,1+,0
53078,21.15.27 J0003984  +DBA:BANCS BIG SEGMENT TS FOUND!TSLMVU HAS 21 DATASETS(MAX 32) SYSJOB,1+,1
53079,21.15.27 J0003984  +DBA:BANCS BIG SEGMENT TS FOUND!TSSPYO HAS 28 DATASETS(MAX 32) SYSJOB,1+,1
53080,21.15.27 J0003984  +DBA:BANCS BIG SEGMENT TS FOUND!TSGPIS HAS 20 DATASETS(MAX 32) SYSJOB,1+,1
53081,21.14.20 J0003984  +DBA:BANCS BIG PARTITION TS FOUND!TSINCT PART 398 85.7% INUSE SYSJOB,1+,6
53082,21.14.17 J0003984  +DBA:BANCS BIG PARTITION TS FOUND!TSINCT PART 328 86.6% INUSE SYSJOB,1+,6
53083,21.14.17 J0003984  +DBA:BANCS BIG PARTITION TS FOUND!TSINCT PART 333 86.4% INUSE SYSJOB 338 86.3% INUSE,1+,6
53084,21.14.18 J0003984  +DBA:BANCS BIG PARTITION TS FOUND!TSINCT PART 338 86.3% INUSE SYSJOB,1+,6
53085,21.14.19 J0003984  +DBA:BANCS BIG PARTITION TS FOUND!TSINCT PART 348 86.9% INUSE SYSJOB,1+,6
53086,21.14.18 J0003984  +DBA:BANCS BIG PARTITION TS FOUND!TSINCT PART 343 87.0% INUSE SYSJOB,1+,6
53087,21.14.08 J0003984  +DBA:BANCS BIG PARTITION TS FOUND!TSINCT PART 123 89.1% INUSE SYSJOB,1+,6
53088,21.11.41 J0004082 *IEF099I JOB NA100006 WAITING FOR DATA SETS,1+,0
53089,21.04.12 J0003935  +DBA:EISS BIG SEGMENT TS FOUND!CGEN050P HAS 20 DATASETS(MAX 32) SYSJOB,1+,1
53090,21.04.12 J0003935  +DBA:EISS BIG SEGMENT TS FOUND!CGEN263P HAS 22 DATASETS(MAX 32) SYSJOB,1+,1
53091,21.04.12 J0003935  +DBA:EISS BIG SEGMENT TS FOUND!CGEN048P HAS 20 DATASETS(MAX 32) SYSJOB,1+,1
53092,21.04.12 J0003935  +DBA:EISS BIG SEGMENT TS FOUND!CGEN245P HAS 24 DATASETS(MAX 32) SYSJOB,1+,1
53093,21.04.12 J0003935  +DBA:EISS BIG SEGMENT TS FOUND!CGEN246P HAS 21 DATASETS(MAX 32) SYSJOB,1+,1
53094,22.17.16 J0004711 *IEF099I JOB G01S663B WAITING FOR DATA SETS,1+,0
53095,00.34.44 J0016503 *IEF099I JOB SA040000 WAITING FOR DATA SETS,1+,0
53096,00.14.00 CP2C S0007541  BZTPJSTRCS0 SEV=WAR ALL Jobname: BKINVMA (CondCode > 4) OR (Abend Code <> '')         带库管理软件地址空间及批量备份作业返回码监控,10+,9
53097,01.41.17 J0021689 *IEF099I JOB P1ZOSDL  WAITING FOR DATA SETS,1+,0
53098,01.33.44 CP2A J0181699 *IEF099I JOB TMZ60000 WAITING FOR DATA SETS,1+,0
53099,01.05.03 J0020730 *IEF099I JOB SMFMRGCI WAITING FOR DATA SETS,1+,0
53100,01.05.02 CP3B J0024153 *IEF099I JOB SMFMRGCI WAITING FOR DATA SETS,1+,0
53101,"02.48.50 S0092567  DSNB356I  -DP1C DSNB5SCO FOR GROUP BUFFER POOL GBP2, THE CONDITION THAT CAUSED THE PREVIOUS DSNB355I MESSAGE DOES NOT CURRENTLY EXIST. - PREVIOUS PAGE LEVEL   = 00D56749FD4347000000 02:39:54 DEC 20, 2018 - CURRE",10+,8
53102,02.23.32 J0033763 *IEF099I JOB P1CICSDL WAITING FOR DATA SETS,1+,0
53103,02.15.02 CP3B J0029984 *IEF099I JOB RMFRPTD3 WAITING FOR DATA SETS,1+,0
53104,"02.01.03 CP2C           IOS080I 47B6,EE,TP882105, I/O TIMEOUT INTERVAL HAS BEEN EXCEEDED FOR AN ACTIVE REQUEST. DATASET NAME=PRDDEDPR.REFORM.VMVE.TR882105",1+,4
53105,02.01.42 J0026014 *IEF099I JOB G01S506B WAITING FOR DATA SETS BUFFER POOLS,1+,0
53106,03.33.58 CP3C S0048685  BZTPJSTRCS0 SEV=WAR ALL Jobname: EDGJSLU3 (CondCode > 4) OR (Abend Code <> '')         带库管理软件地址空间及批量备份作业返回码监控,10+,9
53107,03.31.29 CP2A J0013378 *IEF099I JOB C4CARD01 WAITING FOR DATA SETS,1+,0
53108,03.19.17 S0092559  BZCICSJOBS0 SEV=WAR ALL Jobname: P1CICS (CondCode <> 0) OR (Abend Code <> ''),10+,9
53109,"04.12.43           IOS080I 55D5,68,ZAPISS0C, I/O TIMEOUT INTERVAL HAS BEEN EXCEEDED FOR AN ACTIVE REQUEST. DATASET NAME=SYS1.VTOC.VP11600",1+,4
53110,"04.12.34           IOS080I 55DE,7C,ZAPISS0E, I/O TIMEOUT INTERVAL HAS BEEN EXCEEDED FOR AN ACTIVE REQUEST. DATASET NAME=SYS1.VTOC.VP11609",1+,4
53111,"04.07.59 CP2A           IOS080I 58B1,76,ZR266100, I/O TIMEOUT INTERVAL HAS BEEN EXCEEDED FOR AN ACTIVE REQUEST. DATASET NAME=PRDC64R.BBCQ.OUTBORX.ZL266100.F01",1+,4
53112,05.22.18 J0039646 *IEF099I JOB AXBKOUT  WAITING FOR DATA SETS,1+,0
53113,05.05.40 J0038962  +DBA:BANCS BIG SEGMENT TS FOUND!TSGPIS HAS 20 DATASETS(MAX 32) SYSJOB,1+,1
53114,05.05.40 J0038962  +DBA:BANCS BIG SEGMENT TS FOUND!TSSPYO HAS 28 DATASETS(MAX 32) SYSJOB,1+,1
53115,05.05.40 J0038962  +DBA:BANCS BIG SEGMENT TS FOUND!TSLMVU HAS 21 DATASETS(MAX 32) SYSJOB,1+,1
53116,05.04.35 J0038962  +DBA:BANCS BIG PARTITION TS FOUND!TSINCT PART 398 85.7% INUSE SYSJOB,1+,6
53117,05.04.34 J0038962  +DBA:BANCS BIG PARTITION TS FOUND!TSINCT PART 343 87.0% INUSE SYSJOB,1+,6
53118,05.04.34 J0038962  +DBA:BANCS BIG PARTITION TS FOUND!TSINCT PART 348 86.9% INUSE SYSJOB,1+,6
53119,05.04.33 J0038962  +DBA:BANCS BIG PARTITION TS FOUND!TSINCT PART 328 86.6% INUSE SYSJOB,1+,6
53120,05.04.33 J0038962  +DBA:BANCS BIG PARTITION TS FOUND!TSINCT PART 338 86.3% INUSE SYSJOB,1+,6
53121,05.04.33 J0038962  +DBA:BANCS BIG PARTITION TS FOUND!TSINCT PART 333 86.4% INUSE SYSJOB,1+,6
53122,05.04.27 J0038962  +DBA:BANCS BIG PARTITION TS FOUND!TSINCT PART 123 89.1% INUSE SYSJOB,1+,6
53123,05.04.11 J0039036  +DBA:EISS BIG SEGMENT TS FOUND!CGEN263P HAS 22 DATASETS(MAX 32) SYSJOB,1+,1
53124,05.04.11 J0039036  +DBA:EISS BIG SEGMENT TS FOUND!CGEN048P HAS 20 DATASETS(MAX 32) SYSJOB,1+,1
53125,05.04.11 J0039036  +DBA:EISS BIG SEGMENT TS FOUND!CGEN246P HAS 21 DATASETS(MAX 32) SYSJOB,1+,1
53126,05.04.11 J0039036  +DBA:EISS BIG SEGMENT TS FOUND!CGEN245P HAS 24 DATASETS(MAX 32) SYSJOB,1+,1
53127,05.04.11 J0039036  +DBA:EISS BIG SEGMENT TS FOUND!CGEN050P HAS 20 DATASETS(MAX 32) SYSJOB,1+,1
53128,07.50.46 J0040958 *IEF099I JOB G02S138D WAITING FOR DATA SETS,1+,0
53129,07.38.14 S0093383  BSOPSSIZES0 SEV=WAR CP1A Data Set: SYSBAK.P1.REXX.DB2.RPT.TEMP1 SIZE=62520 (TracksAllocated > 55000),10+,9
53130,07.34.47 S0093003  BQBANCBGLS0 SEV=WAR QP31 NamedQueue: BANCS.BGLHASHB.QUEUE CURRENT DEPTH:28264 (CurrentDepth >= 20000)         请关注BGL队列深度变化，加强监控,10+,9
53131,08.16.31 CP3C J0082288 *IEF099I JOB DEDPAO23 WAITING FOR DATA SETS,1+,0
53132,08.06.26 CP2D S0007542  BSOEXTPDSS0 SEV=WAR CP2C Data Set: SYS0.MLIB.PARMLIB EXTENTS = 16 (Exts > 12),1+,9
53133,"10.24.09 S0093009  _EYUPN0005W CIP1MM31 Notify created for SAM, Context=CPLEXBBS, Target=CIP1KT32, Sev=HS, Event=!!SAMMAX, Text=MAXTASK at 10:24:09.",10+,9
53134,"11.52.55 S0093009  +EYUPN0005W CIP1MM31 Notify created for SAM, Context=CPLEXBBS, Target=CIP1KT32, Sev=HS, Event=!!SAMMAX, Text=MAXTASK at 11:52:55.",10+,9
53135,"11.35.55 S0092559  BCMAXTASKS0 SEV=WAR CIP1KT12 TargetName: CIP1KT12 MaxTask: 90.000000        ,CICS交易并发数>85%",10+,9
53136,端到端:ERROR CN streamsjob healthy not good!,10+,9
53137,端到端:ERROR CN streamsjob healthy not good!,10+,9
53138,16.32.01 J0087371 *IEF099I JOB SEL1109A WAITING FOR DATA SETS,1+,0
53139,16.25.11 J0085988 *IEF099I JOB SEL1109A WAITING FOR DATA SETS,1+,0
53140,21.15.18 J0108548  +DBA:BANCS BIG SEGMENT TS FOUND!TSGPIS HAS 20 DATASETS(MAX 32) SYSJOB,1+,1
53141,21.15.18 J0108548  +DBA:BANCS BIG SEGMENT TS FOUND!TSLMVU HAS 21 DATASETS(MAX 32) SYSJOB,1+,1
53142,21.15.18 J0108548  +DBA:BANCS BIG SEGMENT TS FOUND!TSSPYO HAS 28 DATASETS(MAX 32) SYSJOB,1+,1
53143,21.14.11 J0108548  +DBA:BANCS BIG PARTITION TS FOUND!TSINCT PART 398 85.7% INUSE SYSJOB,1+,6
53144,21.14.07 J0108548  +DBA:BANCS BIG PARTITION TS FOUND!TSINCT PART 328 86.6% INUSE SYSJOB operations at the source table should be replicated (value of - CAPTURE_LOAD column in the IBMQREP_SUBS control table).,100+,9
53145,21.14.07 J0108548  +DBA:BANCS BIG PARTITION TS FOUND!TSINCT PART 333 86.4% INUSE SYSJOB,1+,6
53146,21.14.07 J0108548  +DBA:BANCS BIG PARTITION TS FOUND!TSINCT PART 328 86.6% INUSE SYSJOB,1+,6
53147,21.14.08 J0108548  +DBA:BANCS BIG PARTITION TS FOUND!TSINCT PART 338 86.3% INUSE SYSJOB,1+,6
53148,21.14.08 J0108548  +DBA:BANCS BIG PARTITION TS FOUND!TSINCT PART 343 87.0% INUSE SYSJOB,1+,6
53149,21.14.09 J0108548  +DBA:BANCS BIG PARTITION TS FOUND!TSINCT PART 348 86.9% INUSE SYSJOB,1+,6
53150,21.13.58 J0108548  +DBA:BANCS BIG PARTITION TS FOUND!TSINCT PART 123 89.1% INUSE SYSJOB,1+,6
53151,21.11.03 J0108603 *IEF099I JOB NA100006 WAITING FOR DATA SETS,1+,0
53152,21.04.11 J0108479  +DBA:EISS BIG SEGMENT TS FOUND!CGEN263P HAS 22 DATASETS(MAX 32) SYSJOB,1+,1
53153,21.04.11 J0108479  +DBA:EISS BIG SEGMENT TS FOUND!CGEN246P HAS 21 DATASETS(MAX 32) SYSJOB,1+,1
53154,21.04.11 J0108479  +DBA:EISS BIG SEGMENT TS FOUND!CGEN050P HAS 20 DATASETS(MAX 32) SYSJOB,1+,1
53155,21.04.11 J0108479  +DBA:EISS BIG SEGMENT TS FOUND!CGEN048P HAS 20 DATASETS(MAX 32) SYSJOB,1+,1
53156,22.20.39 J0109314 *IEF099I JOB G01S433B WAITING FOR DATA SETS,1+,0
53157,22.19.59 J0109283 *IEF099I JOB G01S663B WAITING FOR DATA SETS,1+,0
53158,00.36.06 S0093536 *DSNB319A  -DP41 DSNB1CNE THERE IS A SHORTAGE OF SPACE *IN GROUP BUFFER POOL GBP32 BUFFER POOLS,1+,8
53159,"00.35.53          *IXC585E STRUCTURE DSNDP01_GBP32 IN COUPLING FACILITY * BCC1C1, *PHYSICAL STRUCTURE VERSION D53F053D E3581281, *IS AT OR ABOVE STRUCTURE FULL MONITORING THRESHOLD OF 80%: *    ENTRIES:      3781231     5652415",10+,8
53160,00.35.56 S0093537 *DSNB325A  -DP81 DSNB1CNE THERE IS A CRITICAL SHORTAGE *OF SPACE IN GROUP BUFFER POOL GBP32,1+,8
53161,00.27.43 J0117525 *IEF099I JOB EC046100 WAITING FOR DATA SETS,1+,0
53162,01.54.53 J0125427 *IEF099I JOB P1ZOSDL  WAITING FOR DATA SETS,1+,0
53163,01.44.57 CP3C S0048685  BZCICSJOBS0 SEV=WAR ALL Jobname: SMFMRGCI (CondCode <> 0) OR (Abend Code <> ''),10+,9
53164,"01.42.18 J0125073 *IEF099I JOB G02S389B WAITING FOR DATA SETS DECEMBER 21, 2018",1+,0
53165,01.34.03 J0125037 *IEF099I JOB G01S023B WAITING FOR DATA SETS,1+,0
53166,01.28.06 S0093537  DSNR035I  -DP81 DSNRPBCW WARNING - UNCOMMITTED UR AFTER 3 CHECKPOINTS - CORRELATION NAME = SS160003 -           CONNECTION ID  = UTILITY -           LUWID = BOCHQP.DP81APPL.D56878D5CCBF = 142262 -           PLAN,10+,9
53167,01.05.02 CP3B J0137357 *IEF099I JOB SMFMRGCI WAITING FOR DATA SETS,1+,0
53168,01.05.03 J0121045 *IEF099I JOB SMFMRGDB WAITING FOR DATA SETS,1+,0
53169,01.05.02 J0121046 *IEF099I JOB SMFMRGCI WAITING FOR DATA SETS,1+,0
53170,*01.05.02 J0121046 *IEF099I JOB SMFMRGCI WAITING FOR DATA SETS,1+,0
53171,"02.56.42 CP2A           IOS080I 25B1,D3,C4041434, I/O TIMEOUT INTERVAL HAS BEEN EXCEEDED FOR AN ACTIVE REQUEST. DATASET NAME=PRDC64R.LVEQ.ET.ETQD2041.A4304",1+,4
53172,02.53.20 J0126519 *IEF099I JOB P1CICSDL WAITING FOR DATA SETS,1+,0
53173,02.14.47 CP2C J0050239 *IEF099I JOB TMZ60000 WAITING FOR DATA SETS,1+,0
53174,02.15.02 CP3A J0144284 *IEF099I JOB RMFRPTD3 WAITING FOR DATA SETS,1+,0
53175,"02.02.28 J0125488 *IEF099I JOB G01S506B WAITING FOR DATA SETS DSNAME=CSQQPY2S.QPY2.LOGCOPY1.DS014, STARTRBA=000004681AAC0000 ENDRBA=000004691A77FFFF",10+,0
53176,03.43.25 CP2D S0007542  BSSTRGRUPS1 SEV=CRI CP2D SG: SGC64 CURRENT: 85.60 (Enabled%Full >= 85),10+,9
53177,04.42.54 CP2D S0007542  BSSTRGRUPS1 SEV=CRI CP2D SG: SGC64 CURRENT: 86.70 (Enabled%Full >= 85),10+,9
53178,04.12.39 CP2A J0082126 *IEF099I JOB C4CARD00 WAITING FOR DATA SETS,1+,0
53179,05.41.09 J0143878 *IEF099I JOB A01M9256 WAITING FOR DATA SETS,1+,0
53180,05.12.37 CP2D S0007542  BSSTRGRUPS1 SEV=CRI CP2D SG: SGC64 CURRENT: 87.10 (Enabled%Full >= 85),10+,9
53181,05.05.10 J0142958  +DBA:BANCS BIG PARTITION TS FOUND!TSINCT PART 398 85.7% INUSE SYSJOB,1+,6
53182,05.05.06 J0142958  +DBA:BANCS BIG PARTITION TS FOUND!TSINCT PART 333 86.4% INUSE SYSJOB,1+,6
53183,05.05.06 J0142958  +DBA:BANCS BIG PARTITION TS FOUND!TSINCT PART 328 86.6% INUSE SYSJOB 333 86.4% INUSE,1+,6
53184,05.05.07 J0142958  +DBA:BANCS BIG PARTITION TS FOUND!TSINCT PART 343 87.0% INUSE SYSJOB,1+,6
53185,05.05.07 J0142958  +DBA:BANCS BIG PARTITION TS FOUND!TSINCT PART 338 86.3% INUSE SYSJOB,1+,6
53186,05.04.10 J0143012  +DBA:EISS BIG SEGMENT TS FOUND!CGEN245P HAS 24 DATASETS(MAX 32) SYSJOB,1+,1
53187,05.04.10 J0143012  +DBA:EISS BIG SEGMENT TS FOUND!CGEN048P HAS 20 DATASETS(MAX 32) SYSJOB,1+,1
53188,05.04.10 J0143012  +DBA:EISS BIG SEGMENT TS FOUND!CGEN050P HAS 20 DATASETS(MAX 32) SYSJOB,1+,1
53189,05.04.10 J0143012  +DBA:EISS BIG SEGMENT TS FOUND!CGEN246P HAS 21 DATASETS(MAX 32) SYSJOB,1+,1
53190,05.04.10 J0143012  +DBA:EISS BIG SEGMENT TS FOUND!CGEN263P HAS 22 DATASETS(MAX 32) SYSJOB,1+,1
53191,06.47.02 CP2A S0007539  BZTJOBMONS0 SEV=WAR CP2A Jobname: BKDBQ8 I/O=0 HAS LASTED 20 MINS.,10+,9
53192,06.47.02 CP2A S0007539  BZTJOBMONS0 SEV=WAR CP2A Jobname: BKDBQ19 I/O=0 HAS LASTED 20 MINS.,10+,9
53193,06.44.04 CP3D J0180466 *IEF099I JOB DEDPSE31 WAITING FOR DATA SETS,1+,0
53194,06.41.48 CP2D S0007542  BSSTRGRUPS1 SEV=CRI CP2D SG: SGC64 CURRENT: 88.50 (Enabled%Full >= 85),10+,9
53195,07.41.18 CP2D S0007542  BSSTRGRUPS1 SEV=CRI CP2D SG: SGC64 CURRENT: 88.30 (Enabled%Full >= 85),10+,9
53196,07.38.16 S0093383  BSOPSSIZES0 SEV=WAR CP1A Data Set: SYSBAK.P1.REXX.DB2.RPT.TEMP1 SIZE=62655 (TracksAllocated > 55000),10+,9
53197,08.06.27 CP2D S0007542  BSOEXTPDSS0 SEV=WAR CP2C Data Set: SYS0.MLIB.PARMLIB EXTENTS = 16 (Exts > 12),1+,9
53198,2018-12-21 11:50:01 Error: The application process is down: /streams/InfoSphereStreams/system/impl/bin/streams-pec,10+,9
53199,2018-12-21 11:50:01 Error: The application process is down: /streams/InfoSphereStreams/system/impl/bin/streams-pec,10+,9
53200,端到端:ERROR CN streamsjob healthy not good!,10+,9
53201,端到端:ERROR OVERSEA streamsjob healthy not good!,10+,9
53202,端到端:ERROR CN streamsjob status not running!,10+,9
53203,端到端:ERROR OVERSEA streamsjob status not running!,10+,9
53204,2018-12-21 11:50:01 Error: The application process is down: /streams/InfoSphereStreams/system/impl/bin/streams-pec,10+,9
53205,"E2E:2018-12-21 11:50:00,217 ERROR [com.e2e.dc.service.impl.SendEventImpl] - Connect Failed",1+,2
53206,"E2E:2018-12-21 11:49:25,139 ERROR [com.e2e.dc.service.impl.SendEventImpl] - Connect Failed",1+,2
53207,"E2E:2018-12-21 11:49:58,240 ERROR [com.e2e.dc.service.impl.SendEventImpl] - Connect Failed",1+,2
53208,"E2E:2018-12-21 11:50:28,241 ERROR [com.e2e.dc.service.impl.SendEventImpl] - Connect Failed",1+,2
53209,"E2E:2018-12-21 11:50:00,553 ERROR [com.e2e.dc.service.impl.SendEventImpl] - Connect Failed",1+,2
53210,"E2E:2018-12-21 11:49:55,172 ERROR [com.e2e.dc.service.impl.SendEventImpl] - Connect Failed",1+,2
53211,"E2E:2018-12-21 11:49:30,549 ERROR [com.e2e.dc.service.impl.SendEventImpl] - Connect Failed",1+,2
53212,"E2E:2018-12-21 11:49:25,171 ERROR [com.e2e.dc.service.impl.SendEventImpl] - Connect Failed",1+,2
53213,"E2E:2018-12-21 11:50:30,218 ERROR [com.e2e.dc.service.impl.SendEventImpl] - Connect Failed",1+,2
53214,"E2E:2018-12-21 11:50:25,142 ERROR [com.e2e.dc.service.impl.SendEventImpl] - Connect Failed",1+,2
53215,"E2E:2018-12-21 11:50:02,308 ERROR [com.e2e.dc.service.impl.SendEventImpl] - Connect Failed",1+,2
53216,"E2E:2018-12-21 11:50:30,555 ERROR [com.e2e.dc.service.impl.SendEventImpl] - Connect Failed",1+,2
53217,"E2E:2018-12-21 11:49:28,236 ERROR [com.e2e.dc.service.impl.SendEventImpl] - Connect Failed",1+,2
53218,"E2E:2018-12-21 11:49:30,215 ERROR [com.e2e.dc.service.impl.SendEventImpl] - Connect Failed",1+,2
53219,"E2E:2018-12-21 11:50:25,174 ERROR [com.e2e.dc.service.impl.SendEventImpl] - Connect Failed",1+,2
53220,"E2E:2018-12-21 11:50:32,310 ERROR [com.e2e.dc.service.impl.SendEventImpl] - Connect Failed",1+,2
53221,"E2E:2018-12-21 11:49:32,299 ERROR [com.e2e.dc.service.impl.SendEventImpl] - Connect Failed",1+,2
53222,"E2E:2018-12-21 11:49:55,141 ERROR [com.e2e.dc.service.impl.SendEventImpl] - Connect Failed",1+,2
53223,端到端:ERROR CN streamsjob healthy not good!,10+,9
53224,端到端:ERROR OVERSEA streamsjob healthy not good!,10+,9
53225,端到端:ERROR OVERSEA streamsjob status not running!,10+,9
53226,端到端:ERROR CN streamsjob status not running!,10+,9
53227,"E2E: 11.51.41 CP3C S0069800  BPXM023I (STCTVLI) ILGDC08E:socket reconnect failed,ThreadId:1        端到端主机Log DC重连Socket失败，Log DC线程退出。",100+,9
53228,2018-12-21 11:48:01 Error: The application process is down: /streams/InfoSphereStreams/system/impl/bin/streams-hc,10+,9
53229,2018-12-21 11:48:01 Error: The application process is down: /streams/InfoSphereStreams/system/impl/bin/streams-hc,10+,9
53230,2018-12-21 11:48:01 Error: The application process is down: /streams/InfoSphereStreams/system/impl/bin/streams-hc,10+,9
53231,"E2E:2018-12-21 11:48:30,213 ERROR [com.e2e.dc.service.impl.SendEventImpl] - Connect Failed",1+,2
53232,"E2E:2018-12-21 11:47:32,294 ERROR [com.e2e.dc.service.impl.SendEventImpl] - Connect Failed",1+,2
53233,"E2E:2018-12-21 11:48:00,211 ERROR [com.e2e.dc.service.impl.SendEventImpl] - Connect Failed",1+,2
53234,"E2E:2018-12-21 11:48:55,138 ERROR [com.e2e.dc.service.impl.SendEventImpl] - Connect Failed",1+,2
53235,"E2E:2018-12-21 11:48:00,545 ERROR [com.e2e.dc.service.impl.SendEventImpl] - Connect Failed",1+,2
53236,"E2E:2018-12-21 11:48:25,133 ERROR [com.e2e.dc.service.impl.SendEventImpl] - Connect Failed",1+,2
53237,"E2E:2018-12-21 11:48:58,234 ERROR [com.e2e.dc.service.impl.SendEventImpl] - Connect Failed",1+,2
53238,"E2E:2018-12-21 11:49:00,548 ERROR [com.e2e.dc.service.impl.SendEventImpl] - Connect Failed",1+,2
53239,"E2E:2018-12-21 11:47:25,130 ERROR [com.e2e.dc.service.impl.SendEventImpl] - Connect Failed",1+,2
53240,"E2E:2018-12-21 11:48:30,547 ERROR [com.e2e.dc.service.impl.SendEventImpl] - Connect Failed",1+,2
53241,"E2E:2018-12-21 11:48:55,170 ERROR [com.e2e.dc.service.impl.SendEventImpl] - Connect Failed",1+,2
53242,"E2E:2018-12-21 11:47:30,544 ERROR [com.e2e.dc.service.impl.SendEventImpl] - Connect Failed",1+,2
53243,"E2E:2018-12-21 11:47:58,231 ERROR [com.e2e.dc.service.impl.SendEventImpl] - Connect Failed",1+,2
53244,"E2E:2018-12-21 11:48:25,161 ERROR [com.e2e.dc.service.impl.SendEventImpl] - Connect Failed",1+,2
53245,"E2E:2018-12-21 11:47:55,132 ERROR [com.e2e.dc.service.impl.SendEventImpl] - Connect Failed",1+,2
53246,"E2E:2018-12-21 11:47:25,159 ERROR [com.e2e.dc.service.impl.SendEventImpl] - Connect Failed",1+,2
53247,"E2E:2018-12-21 11:47:55,160 ERROR [com.e2e.dc.service.impl.SendEventImpl] - Connect Failed",1+,2
53248,"E2E:2018-12-21 11:48:28,233 ERROR [com.e2e.dc.service.impl.SendEventImpl] - Connect Failed",1+,2
53249,"E2E:2018-12-21 11:48:02,295 ERROR [com.e2e.dc.service.impl.SendEventImpl] - Connect Failed",1+,2
53250,"E2E:2018-12-21 11:47:28,230 ERROR [com.e2e.dc.service.impl.SendEventImpl] - Connect Failed",1+,2
53251,"E2E:2018-12-21 11:47:30,199 ERROR [com.e2e.dc.service.impl.SendEventImpl] - Connect Failed",1+,2
53252,"E2E:2018-12-21 11:48:32,296 ERROR [com.e2e.dc.service.impl.SendEventImpl] - Connect Failed",1+,2
53253,"E2E:2018-12-21 11:49:00,214 ERROR [com.e2e.dc.service.impl.SendEventImpl] - Connect Failed",1+,2
53254,"E2E:2018-12-21 11:49:02,298 ERROR [com.e2e.dc.service.impl.SendEventImpl] - Connect Failed",1+,2
53255,2018-12-21 11:48:01 Error: The application process is down: /streams/InfoSphereStreams/system/impl/bin/streams-srm,10+,9
53256,2018-12-21 11:48:01 Error: The application process is down: /streams/InfoSphereStreams/system/impl/bin/streams-sam,10+,9
53257,2018-12-21 11:48:01 Error: The application process is down: /streams/InfoSphereStreams/system/impl/bin/streams-sch,10+,9
53258,2018-12-21 11:48:02 Error: The application process is down: /streams/InfoSphereStreams/system/impl/bin/streams-hc,10+,9
53259,2018-12-21 11:48:01 Error: The application process is down: /streams/InfoSphereStreams/system/impl/bin/streams-aas,10+,9
53260,"E2E:2018-12-21 11:46:55,129 ERROR [com.e2e.dc.service.impl.SendEventImpl] - Connect Failed",1+,2
53261,"E2E:2018-12-21 11:46:25,156 ERROR [com.e2e.dc.service.impl.SendEventImpl] - Connect Failed",1+,2
53262,"E2E:2018-12-21 11:45:32,288 ERROR [com.e2e.dc.service.impl.SendEventImpl] - Connect Failed",1+,2
53263,"E2E:2018-12-21 11:46:00,539 ERROR [com.e2e.dc.service.impl.SendEventImpl] - Connect Failed",1+,2
53264,"E2E:2018-12-21 11:45:55,154 ERROR [com.e2e.dc.service.impl.SendEventImpl] - Connect Failed",1+,2
53265,"E2E:2018-12-21 11:46:55,158 ERROR [com.e2e.dc.service.impl.SendEventImpl] - Connect Failed",1+,2
53266,"E2E:2018-12-21 11:45:25,153 ERROR [com.e2e.dc.service.impl.SendEventImpl] - Connect Failed",1+,2
53267,"E2E:2018-12-21 11:47:02,292 ERROR [com.e2e.dc.service.impl.SendEventImpl] - Connect Failed",1+,2
53268,"E2E:2018-12-21 11:46:28,227 ERROR [com.e2e.dc.service.impl.SendEventImpl] - Connect Failed",1+,2
53269,"E2E:2018-12-21 11:47:00,542 ERROR [com.e2e.dc.service.impl.SendEventImpl] - Connect Failed",1+,2
53270,"E2E:2018-12-21 11:47:00,197 ERROR [com.e2e.dc.service.impl.SendEventImpl] - Connect Failed",1+,2
53271,"E2E:2018-12-21 11:46:30,196 ERROR [com.e2e.dc.service.impl.SendEventImpl] - Connect Failed",1+,2
53272,"E2E:2018-12-21 11:45:28,224 ERROR [com.e2e.dc.service.impl.SendEventImpl] - Connect Failed",1+,2
53273,"E2E:2018-12-21 11:45:30,184 ERROR [com.e2e.dc.service.impl.SendEventImpl] - Connect Failed",1+,2
53274,"E2E:2018-12-21 11:45:58,225 ERROR [com.e2e.dc.service.impl.SendEventImpl] - Connect Failed",1+,2
53275,"E2E:2018-12-21 11:46:32,291 ERROR [com.e2e.dc.service.impl.SendEventImpl] - Connect Failed",1+,2
53276,"E2E:2018-12-21 11:45:55,127 ERROR [com.e2e.dc.service.impl.SendEventImpl] - Connect Failed",1+,2
53277,"E2E:2018-12-21 11:45:30,537 ERROR [com.e2e.dc.service.impl.SendEventImpl] - Connect Failed",1+,2
53278,"E2E:2018-12-21 11:46:02,290 ERROR [com.e2e.dc.service.impl.SendEventImpl] - Connect Failed",1+,2
53279,"E2E:2018-12-21 11:46:30,541 ERROR [com.e2e.dc.service.impl.SendEventImpl] - Connect Failed",1+,2
53280,"E2E:2018-12-21 11:46:00,194 ERROR [com.e2e.dc.service.impl.SendEventImpl] - Connect Failed",1+,2
53281,"E2E:2018-12-21 11:45:25,125 ERROR [com.e2e.dc.service.impl.SendEventImpl] - Connect Failed",1+,2
53282,"E2E:2018-12-21 11:46:58,228 ERROR [com.e2e.dc.service.impl.SendEventImpl] - Connect Failed",1+,2
53283,"E2E:2018-12-21 11:46:25,128 ERROR [com.e2e.dc.service.impl.SendEventImpl] - Connect Failed",1+,2
53284,"12.34.36 S0092568  DSNB355I  -DP11 DSNB5SCO GROUP BUFFER POOL GBP28 RECOVERY LRSN VALUES MIGHT CAUSE A DELAY IN GRECP RECOVERY. PAGE LEVEL   = 00D5690EFD9D01000000 - PAGE LEVEL IN LOCAL TIMESTAMP   = 12:26:36 DEC 21, 2018 - MEMBER",10+,8
53285,"12.07.48 S0093398  _EYUPN0005W CIP1MM21 Notify created for SAM, Context=CPLEXBBS, Target=CIP1KT22, Sev=HS, Event=!!SAMMAX, Text=MAXTASK at 12:07:48.",10+,9
53286,"14.28.00 S0092559  BCCONNECTS0 SEV=CRI CIP1KT21 CID: RH21 NET: LSCS00H0 STAT: RELEASED        ,CICS连接中断",10+,9
53287,"14.28.00 S0092559  BCCONNECTS0 SEV=CRI CIP1KT11 CID: RH11 NET: LSCS00H0 STAT: RELEASED        ,CICS连接中断",10+,9
53288,"14.28.00 S0092559  BCCONNECTS0 SEV=CRI CIP1KT41 CID: RH41 NET: LSCS00H0 STAT: RELEASED        ,CICS连接中断",10+,9
53289,"14.28.00 S0092559  BCCONNECTS0 SEV=CRI CIP1KT31 CID: RH31 NET: LSCS00H0 STAT: RELEASED        ,CICS连接中断",10+,9
53290,"14.28.00 S0092559  BCCONNECTS0 SEV=CRI CIP1AT21 CID: TH21 NET: LSCS00H0 STAT: RELEASED        ,CICS连接中断",10+,9
53291,"14.28.00 S0092559  BCCONNECTS0 SEV=CRI CIP1AT11 CID: TH11 NET: LSCS00H0 STAT: RELEASED        ,CICS连接中断",10+,9
53292,"14.28.00 S0092559  BCCONNECTS0 SEV=CRI CIP1AT41 CID: TH41 NET: LSCS00H0 STAT: RELEASED        ,CICS连接中断",10+,9
53293,"14.28.00 S0092559  BCCONNECTS0 SEV=CRI CIP1AT31 CID: TH31 NET: LSCS00H0 STAT: RELEASED        ,CICS连接中断",10+,9
53294,"18.07.35 S0093009  _EYUPN0005W CIP1MM31 Notify created for SAM, Context=CPLEXBBS, Target=CIP1KT32, Sev=HS, Event=!!SAMMAX, Text=MAXTASK at 18:07:35.",10+,9
53295,21.15.33 J0006826  +DBA:BANCS BIG SEGMENT TS FOUND!TSGPIS HAS 20 DATASETS(MAX 32) SYSJOB,1+,1
53296,21.15.33 J0006826  +DBA:BANCS BIG SEGMENT TS FOUND!TSSPYO HAS 28 DATASETS(MAX 32) SYSJOB,1+,1
53297,21.15.33 J0006826  +DBA:BANCS BIG SEGMENT TS FOUND!TSLMVU HAS 21 DATASETS(MAX 32) SYSJOB,1+,1
53298,21.12.40 J0006897 *IEF099I JOB NA100009 WAITING FOR DATA SETS,1+,0
53299,21.04.11 J0006795  +DBA:EISS BIG SEGMENT TS FOUND!CGEN246P HAS 21 DATASETS(MAX 32) SYSJOB,1+,1
53300,21.04.11 J0006795  +DBA:EISS BIG SEGMENT TS FOUND!CGEN050P HAS 20 DATASETS(MAX 32) SYSJOB,1+,1
53301,21.04.11 J0006795  +DBA:EISS BIG SEGMENT TS FOUND!CGEN263P HAS 22 DATASETS(MAX 32) SYSJOB,1+,1
53302,21.04.11 J0006795  +DBA:EISS BIG SEGMENT TS FOUND!CGEN245P HAS 24 DATASETS(MAX 32) SYSJOB,1+,1
53303,21.04.11 J0006795  +DBA:EISS BIG SEGMENT TS FOUND!CGEN048P HAS 20 DATASETS(MAX 32) SYSJOB,1+,1
53304,00.45.04 CP2D S0007542  BSSTRGRUPS1 SEV=WAR CP2D SG: SGC64 CURRENT: 80.30 (Enabled%Full >= 80),10+,9
53305,00.34.46 J0019099 *IEF099I JOB SA040000 WAITING FOR DATA SETS,1+,0
53306,00.02.40 J0018856 *IEF099I JOB G01S663B WAITING FOR DATA SETS,1+,0
53307,"01.54.22 CP2D           IOS080I 24C8,57,TP794400, I/O TIMEOUT INTERVAL HAS BEEN EXCEEDED FOR AN ACTIVE REQUEST. DATASET NAME=PRDDEDPR.REFORM.INCT.TR794487",1+,4
53308,01.40.28 J0023986 *IEF099I JOB P1ZOSDL  WAITING FOR DATA SETS,1+,0
53309,01.23.47 CP2B J0120188 *IEF099I JOB TMZ60000 WAITING FOR DATA SETS,1+,0
53310,01.14.49 CP2D S0007542  BSSTRGRUPS1 SEV=WAR CP2D SG: SGC64 CURRENT: 80.50 (Enabled%Full >= 80),10+,9
53311,"01.05.03 J0023280 *IEF099I JOB SMFMRGCI WAITING FOR DATA SETS DECEMBER 22, 2018",1+,0
53312,01.05.03 CP3B J0049438 *IEF099I JOB SMFMRGCI WAITING FOR DATA SETS,1+,0
53313,02.51.38 CP2C J0151354 *IEF099I JOB C4CARD01 WAITING FOR DATA SETS,1+,0
53314,02.14.26 J0028391 *IEF099I JOB P1CICSDL WAITING FOR DATA SETS,1+,0
53315,"03.46.46 CP2A           IOS080I 42B0,0C,ZZ221202, I/O TIMEOUT INTERVAL HAS BEEN EXCEEDED FOR AN ACTIVE REQUEST. DATASET NAME=PRDDEDPR.SPLIT.INVM.UL871202",1+,4
53316,04.42.43 J0040224 *IEF099I JOB G01S506B WAITING FOR DATA SETS Volume FG2839 (/tapelibPRODHSH/DD1_POOL02_FS4/FG2839) already scratched,10+,0
53317,05.22.16 S0093383  BSSTRGRUPS1 SEV=WAR CP1D SG: SGIMGDP CURRENT: 85.70 (Enabled%Full >= 85),10+,9
53318,05.07.13 J0040591  +DBA:BANCS BIG SEGMENT TS FOUND!TSLMVU HAS 21 DATASETS(MAX 32) SYSJOB,1+,1
53319,05.07.13 J0040591  +DBA:BANCS BIG SEGMENT TS FOUND!TSSPYO HAS 28 DATASETS(MAX 32) SYSJOB,1+,1
53320,05.07.13 J0040591  +DBA:BANCS BIG SEGMENT TS FOUND!TSGPIS HAS 20 DATASETS(MAX 32) SYSJOB,1+,1
53321,05.05.40 J0040591  +DBA:BANCS BIG PARTITION TS FOUND!TSINCT PART 398 85.7% INUSE SYSJOB,1+,6
53322,05.05.38 J0040591  +DBA:BANCS BIG PARTITION TS FOUND!TSINCT PART 348 86.9% INUSE SYSJOB,1+,6
53323,05.05.37 J0040591  +DBA:BANCS BIG PARTITION TS FOUND!TSINCT PART 343 87.0% INUSE SYSJOB,1+,6
53324,05.05.37 J0040591  +DBA:BANCS BIG PARTITION TS FOUND!TSINCT PART 338 86.3% INUSE SYSJOB,1+,6
53325,05.05.36 J0040591  +DBA:BANCS BIG PARTITION TS FOUND!TSINCT PART 333 86.4% INUSE SYSJOB,1+,6
53326,05.05.35 J0040591  +DBA:BANCS BIG PARTITION TS FOUND!TSINCT PART 328 86.6% INUSE SYSJOB,1+,6
53327,05.05.23 J0040591  +DBA:BANCS BIG PARTITION TS FOUND!TSINCT PART 123 89.1% INUSE SYSJOB,1+,6
53328,05.04.11 J0040709  +DBA:EISS BIG SEGMENT TS FOUND!CGEN050P HAS 20 DATASETS(MAX 32) SYSJOB,1+,1
53329,05.04.11 J0040709  +DBA:EISS BIG SEGMENT TS FOUND!CGEN048P HAS 20 DATASETS(MAX 32) SYSJOB,1+,1
53330,05.04.11 J0040709  +DBA:EISS BIG SEGMENT TS FOUND!CGEN245P HAS 24 DATASETS(MAX 32) SYSJOB,1+,1
53331,05.04.11 J0040709  +DBA:EISS BIG SEGMENT TS FOUND!CGEN246P HAS 21 DATASETS(MAX 32) SYSJOB,1+,1
53332,05.04.11 J0040709  +DBA:EISS BIG SEGMENT TS FOUND!CGEN263P HAS 22 DATASETS(MAX 32) SYSJOB,1+,1
53333,06.04.29 J0041573 *IEF099I JOB AXBKOUT  WAITING FOR DATA SETS,1+,0
53334,07.05.01 S0093383  BSVOLDSNSS0 SEV=WAR CP1D Volser: P12F37 TotalDSNs:10029 (TotalDSNs > 10000),1+,3
53335,07.05.01 S0093383  BSVOLDSNSS0 SEV=WAR CP1D Volser: P12678 TotalDSNs:10187 (TotalDSNs > 10000),1+,3
53336,07.05.01 S0093383  BSVOLDSNSS0 SEV=WAR CP1D Volser: P12191 TotalDSNs:10097 (TotalDSNs > 10000),1+,3
53337,07.05.01 S0093383  BSVOLDSNSS0 SEV=WAR CP1D Volser: PP2D37 TotalDSNs:10063 (TotalDSNs > 10000),1+,3
53338,07.05.01 S0093383  BSVOLDSNSS0 SEV=WAR CP1D Volser: P12679 TotalDSNs:10020 (TotalDSNs > 10000) TotalDSNs:10032 (TotalDSNs > 10000),1+,3
53339,07.05.01 S0093383  BSVOLDSNSS0 SEV=WAR CP1D Volser: P12290 TotalDSNs:10112 (TotalDSNs > 10000),1+,3
53340,07.05.01 S0093383  BSVOLDSNSS0 SEV=WAR CP1D Volser: P12778 TotalDSNs:10160 (TotalDSNs > 10000),1+,3
53341,07.05.01 S0093383  BSVOLDSNSS0 SEV=WAR CP1D Volser: P1267A TotalDSNs:10102 (TotalDSNs > 10000),1+,3
53342,07.05.01 S0093383  BSVOLDSNSS0 SEV=WAR CP1D Volser: P12192 TotalDSNs:10117 (TotalDSNs > 10000),1+,3
53343,07.05.01 S0093383  BSVOLDSNSS0 SEV=WAR CP1D Volser: PP2D35 TotalDSNs:10067 (TotalDSNs > 10000),1+,3
53344,07.05.02 CP2D S0007542  BSVOLDSNSS0 SEV=WAR CP2D Volser: PP2D37 TotalDSNs:10004 (TotalDSNs > 10000),1+,3
53345,07.05.02 CP2D S0007542  BSVOLDSNSS0 SEV=WAR CP2D Volser: P12192 TotalDSNs:10060 (TotalDSNs > 10000),1+,3
53346,07.05.02 CP2D S0007542  BSVOLDSNSS0 SEV=WAR CP2D Volser: P12191 TotalDSNs:10032 (TotalDSNs > 10000),1+,3
53347,07.05.02 CP2D S0007542  BSVOLDSNSS0 SEV=WAR CP2D Volser: P12678 TotalDSNs:10135 (TotalDSNs > 10000),1+,3
53348,07.05.02 CP2D S0007542  BSVOLDSNSS0 SEV=WAR CP2D Volser: P12778 TotalDSNs:10114 (TotalDSNs > 10000),1+,3
53349,07.05.02 CP2D S0007542  BSVOLDSNSS0 SEV=WAR CP2D Volser: P1267A TotalDSNs:10045 (TotalDSNs > 10000),1+,3
53350,07.05.02 CP2D S0007542  BSVOLDSNSS0 SEV=WAR CP2D Volser: P12290 TotalDSNs:10055 (TotalDSNs > 10000),1+,3
53351,08.13.40 CP3D J0103316 *IEF099I JOB DEDPRS23 WAITING FOR DATA SETS,1+,0
53352,08.08.39 J0043286 *IEF099I JOB G00S077B WAITING FOR DATA SETS,1+,0
53353,08.06.28 CP2D S0007542  BSOEXTPDSS0 SEV=WAR CP2C Data Set: SYS0.MLIB.PARMLIB EXTENTS = 16 (Exts > 12),1+,9
53354,12.25.58 CP3D S0059824 *DSNB319A  -DP2Y DSNB1CNE THERE IS A SHORTAGE OF * SPACE *IN GROUP BUFFER POOL GBP0,1+,8
53355,"12.25.45 S0092569  DSNB356I  -DP51 DSNB5SCO FOR GROUP BUFFER POOL GBP34, THE CONDITION THAT CAUSED THE PREVIOUS DSNB355I MESSAGE DOES NOT CURRENTLY EXIST. - PREVIOUS PAGE LEVEL   = 00D56A4EA868DC000000 12:16:46 DEC 22, 2018 - CURR",10+,8
53356,"17.39.48 S0093009  +EYUPN0005W CIP1MM31 Notify created for SAM, Context=CPLEXBBS, Target=CIP1KT32, Sev=HS, Event=!!SAMMAX, Text=MAXTASK at 17:39:48.",10+,9
53357,21.14.59 J0055695  +DBA:BANCS BIG SEGMENT TS FOUND!TSSPYO HAS 28 DATASETS(MAX 32) SYSJOB,1+,1
53358,21.14.59 J0055695  +DBA:BANCS BIG SEGMENT TS FOUND!TSLMVU HAS 21 DATASETS(MAX 32) SYSJOB,1+,1
53359,21.14.59 J0055695  +DBA:BANCS BIG SEGMENT TS FOUND!TSGPIS HAS 20 DATASETS(MAX 32) SYSJOB,1+,1
53360,21.14.01 J0055695  +DBA:BANCS BIG PARTITION TS FOUND!TSINCT PART 398 85.7% INUSE SYSJOB,1+,6
53361,21.13.59 J0055695  +DBA:BANCS BIG PARTITION TS FOUND!TSINCT PART 343 87.0% INUSE SYSJOB,1+,6
53362,21.13.59 J0055695  +DBA:BANCS BIG PARTITION TS FOUND!TSINCT PART 338 86.3% INUSE SYSJOB,1+,6
53363,21.13.58 J0055695  +DBA:BANCS BIG PARTITION TS FOUND!TSINCT PART 333 86.4% INUSE SYSJOB,1+,6
53364,21.13.58 J0055695  +DBA:BANCS BIG PARTITION TS FOUND!TSINCT PART 328 86.6% INUSE SYSJOB,1+,6
53365,21.13.52 J0055695  +DBA:BANCS BIG PARTITION TS FOUND!TSINCT PART 123 89.1% INUSE SYSJOB,1+,6
53366,21.11.03 J0055760 *IEF099I JOB NA100006 WAITING FOR DATA SETS,1+,0
53367,21.04.11 J0055653  +DBA:EISS BIG SEGMENT TS FOUND!CGEN246P HAS 21 DATASETS(MAX 32) SYSJOB,1+,1
53368,21.04.11 J0055653  +DBA:EISS BIG SEGMENT TS FOUND!CGEN050P HAS 21 DATASETS(MAX 32) SYSJOB,1+,1
53369,21.04.11 J0055653  +DBA:EISS BIG SEGMENT TS FOUND!CGEN263P HAS 22 DATASETS(MAX 32) SYSJOB,1+,1
53370,21.04.11 J0055653  +DBA:EISS BIG SEGMENT TS FOUND!CGEN245P HAS 24 DATASETS(MAX 32) SYSJOB,1+,1
53371,21.04.11 J0055653  +DBA:EISS BIG SEGMENT TS FOUND!CGEN048P HAS 20 DATASETS(MAX 32) SYSJOB,1+,1
53372,22.16.28 J0056364 *IEF099I JOB G01S663B WAITING FOR DATA SETS,1+,0
53373,23.45.50 J0067987 *IEF099I JOB G01S023B WAITING FOR DATA SETS,1+,0
53374,23.14.50 J0064664 *IEF099I JOB EC046500 WAITING FOR DATA SETS,1+,0
53375,00.13.15 J0068204 *IEF099I JOB G01S506B WAITING FOR DATA SETS,1+,0
53376,"01.57.59 CP2C           IOS080I 41B2,0C,ROMGJ00D, I/O TIMEOUT INTERVAL HAS BEEN EXCEEDED FOR AN ACTIVE REQUEST. DATASET NAME=PRDCBSR.LVEQ.RP.CORDJR03.S22",1+,4
53377,01.52.48 S0093400  DSNR035I  -DPW1 DSNRPBCW WARNING - UNCOMMITTED UR AFTER 12 CHECKPOINTS - CORRELATION NAME = DELMWH01 -           CONNECTION ID  = BATCH -           LUWID = BOCHQP.DPW1APPL.D56AF8D37D00 = 171146 -           PLAN,10+,9
53378,01.36.31 J0072966 *IEF099I JOB P1ZOSDL  WAITING FOR DATA SETS,1+,0
53379,01.21.32 CP2C J0189028 *IEF099I JOB TMZ60000 WAITING FOR DATA SETS,1+,0
53380,"01.05.02 CP3B J0163994 *IEF099I JOB SMFMRGCI WAITING FOR DATA SETS 5,130,000  LINES",1+,0
53381,02.51.24 S0093400  DSNR035I  -DPW1 DSNRPBCW WARNING - UNCOMMITTED UR AFTER 12 CHECKPOINTS - CORRELATION NAME = DELSWMSG -           CONNECTION ID  = BATCH -           LUWID = BOCHQP.DPW1APPL.D56B0632A2F0 = 172232 -           PLAN,10+,9
53382,02.37.20 S0093003  BQAPPQDEPS0 SEV=WAR QWP2 NamedQueue: GUPP.SWIFTI.SEND.RECVQ CURRENT DEPTH:2041 (CurrentDepth >= 2000),10+,9
53383,02.29.47 CP2D J0020265 *IEF099I JOB C4CARD01 WAITING FOR DATA SETS,1+,0
53384,02.02.05 J0073343 *IEF099I JOB P1CICSDL WAITING FOR DATA SETS,1+,0
53385,03.52.42 S0093401 *DSNB319A  -DP61 DSNB1CNE THERE IS A SHORTAGE OF SPACE *IN GROUP BUFFER POOL GBP32K1,1+,8
53386,"03.52.12          *IXC585E STRUCTURE DSNDP01_GBP32K1 IN COUPLING FACILITY * BCC2C1, *PHYSICAL STRUCTURE VERSION D53EF9A7 F48BFEC0, *IS AT OR ABOVE STRUCTURE FULL MONITORING THRESHOLD OF 80%: *   SPACE USAGE     IN-USE       TOTAL",1+,8
53387,03.51.22 S0093536 *DSNB325A  -DP41 DSNB1CNE THERE IS A CRITICAL SHORTAGE,1+,8
53388,04.31.34 CP3D J0187094 *IEF099I JOB DEDPGBS5 WAITING FOR DATA SETS,1+,0
53389,05.16.00 J0090518 *IEF099I JOB AXBKOUT  WAITING FOR DATA SETS,1+,0
53390,05.07.33 J0090292  +DBA:BANCS BIG SEGMENT TS FOUND!TSLMVU HAS 21 DATASETS(MAX 32) SYSJOB,1+,1
53391,05.07.33 J0090292  +DBA:BANCS BIG SEGMENT TS FOUND!TSGPIS HAS 20 DATASETS(MAX 32) SYSJOB,1+,1
53392,05.06.10 J0090292  +DBA:BANCS BIG PARTITION TS FOUND!TSINCT PART 398 85.7% INUSE SYSJOB,1+,6
53393,05.06.07 J0090292  +DBA:BANCS BIG PARTITION TS FOUND!TSINCT PART 338 86.3% INUSE SYSJOB,1+,6
53394,05.06.06 J0090292  +DBA:BANCS BIG PARTITION TS FOUND!TSINCT PART 328 86.6% INUSE SYSJOB,1+,6
53395,05.06.08 J0090292  +DBA:BANCS BIG PARTITION TS FOUND!TSINCT PART 348 86.9% INUSE SYSJOB,1+,6
53396,05.05.54 J0090292  +DBA:BANCS BIG PARTITION TS FOUND!TSINCT PART 123 89.1% INUSE SYSJOB,1+,6
53397,08.06.25 CP2D S0007542  BSOEXTPDSS0 SEV=WAR CP2C Data Set: SYS0.MLIB.PARMLIB EXTENTS = 16 (Exts > 12),1+,9
53398,"20.29.31 S0093009  +EYUPN0005W CIP1MM31 Notify created for SAM, Context=CPLEXBBS, Target=CIP1KT32, Sev=HS, Event=!!SAMMAX, Text=MAXTASK at 20:29:31. -  BUFFER POOLS",10+,9
53399,21.15.07 J0102699  +DBA:BANCS BIG SEGMENT TS FOUND!TSSPYO HAS 28 DATASETS(MAX 32) SYSJOB,1+,1
53400,21.15.07 J0102699  +DBA:BANCS BIG SEGMENT TS FOUND!TSGPIS HAS 20 DATASETS(MAX 32) SYSJOB,1+,1
53401,21.15.07 J0102699  +DBA:BANCS BIG SEGMENT TS FOUND!TSLMVU HAS 21 DATASETS(MAX 32) SYSJOB,1+,1
53402,21.13.55 J0102699  +DBA:BANCS BIG PARTITION TS FOUND!TSINCT PART 398 85.7% INUSE SYSJOB,1+,6
53403,21.13.55 J0102699  _DBA:BANCS BIG PARTITION TS FOUND!TSINCT PART 398 85.7% INUSE SYSJOB changed depends on the type of DB2 utility that performed the - data changes and whether the Q subscription specifies that load - operations at the source table should,10+,9
53404,21.13.53 J0102699  +DBA:BANCS BIG PARTITION TS FOUND!TSINCT PART 348 86.9% INUSE SYSJOB,1+,6
53405,21.13.52 J0102699  +DBA:BANCS BIG PARTITION TS FOUND!TSINCT PART 338 86.3% INUSE SYSJOB,1+,6
53406,21.13.52 J0102699  +DBA:BANCS BIG PARTITION TS FOUND!TSINCT PART 333 86.4% INUSE SYSJOB,1+,6
53407,21.13.51 J0102699  +DBA:BANCS BIG PARTITION TS FOUND!TSINCT PART 328 86.6% INUSE SYSJOB,1+,6
53408,21.13.53 J0102699  +DBA:BANCS BIG PARTITION TS FOUND!TSINCT PART 343 87.0% INUSE SYSJOB,1+,6
53409,21.13.43 J0102699  +DBA:BANCS BIG PARTITION TS FOUND!TSINCT PART 123 89.1% INUSE SYSJOB,1+,6
53410,21.11.40 J0102770 *IEF099I JOB NA100006 WAITING FOR DATA SETS,1+,0
53411,21.04.10 J0102659  +DBA:EISS BIG SEGMENT TS FOUND!CGEN048P HAS 20 DATASETS(MAX 32) SYSJOB,1+,1
53412,21.04.10 J0102659  +DBA:EISS BIG SEGMENT TS FOUND!CGEN050P HAS 21 DATASETS(MAX 32) SYSJOB,1+,1
53413,21.04.10 J0102659  +DBA:EISS BIG SEGMENT TS FOUND!CGEN263P HAS 22 DATASETS(MAX 32) SYSJOB,1+,1
53414,21.04.10 J0102659  +DBA:EISS BIG SEGMENT TS FOUND!CGEN245P HAS 24 DATASETS(MAX 32) SYSJOB,1+,1
53415,21.04.10 J0102659  +DBA:EISS BIG SEGMENT TS FOUND!CGEN246P HAS 21 DATASETS(MAX 32) SYSJOB,1+,1
53416,"*22.58.56          *IEA480E 226E,SCU,MODERATE ALERT,MT=2107,SER=0385-51965, *REFCODE=CF12-16E0-0F56,SENSE=00901000 003C8F79 11500016 E00F560D *0500CAFD B808CF12 05104E03 F1000000",100+,9
53417,22.08.55 J0103307 *IEF099I JOB G01S663B WAITING FOR DATA SETS,1+,0
53418,"01.56.13 CP2C           IOS080I 4DFB,70,TPC00021, I/O TIMEOUT INTERVAL HAS BEEN EXCEEDED FOR AN ACTIVE REQUEST. DATASET NAME=PRDDEDPR.SPLICE.CADM.TRC00021",1+,4
53419,01.35.36 J0122082 *IEF099I JOB P1ZOSDL  WAITING FOR DATA SETS,1+,0
53420,01.24.19 CP2B J0058506 *IEF099I JOB TMZ60000 WAITING FOR DATA SETS,1+,0
53421,01.05.03 CP3B J0077450 *IEF099I JOB SMFMRGCI WAITING FOR DATA SETS,1+,0
53422,"*02.56.18          *IXC585E STRUCTURE DSNDP01_GBP32K1 IN COUPLING FACILITY * BCC2C1, *PHYSICAL STRUCTURE VERSION D53EF9A7 F48BFEC0, *IS AT OR ABOVE STRUCTURE FULL MONITORING THRESHOLD OF 80%: *   SPACE USAGE     IN-USE       TOTAL",1+,8
53423,02.54.19 S0093013 *DSNB319A  -DP31 DSNB1CNE THERE IS A SHORTAGE OF SPACE *IN GROUP BUFFER POOL GBP32K1-SEC,1+,8
53424,02.40.56 CP2B J0089480 *IEF099I JOB C4CARD00 WAITING FOR DATA SETS,1+,0
53425,02.39.04 CP3B J0088325 *IEF099I JOB DEDPIN31 WAITING FOR DATA SETS,1+,0
53426,02.15.02 CP3A J0082925 *IEF099I JOB RMFRPTD3 WAITING FOR DATA SETS,1+,0
53427,02.06.05 J0124506 *IEF099I JOB G01S506B WAITING FOR DATA SETS,1+,0
53428,02.05.04 J0124498 *IEF099I JOB P1CICSDL WAITING FOR DATA SETS,1+,0
53429,"03.43.10 CP2C           IOS080I 24B7,C6,ZZ224101, I/O TIMEOUT INTERVAL HAS BEEN EXCEEDED FOR AN ACTIVE REQUEST. DATASET NAME=PRDDEDPR.SPLIT.INVM.UL874101",1+,4
53430,04.28.03 J0136267 *IEF099I JOB G0FSP050 WAITING FOR DATA SETS,1+,0
53431,05.22.18 S0093383  BSSTRGRUPS1 SEV=WAR CP1D SG: SGIMGDP CURRENT: 86.40 (Enabled%Full >= 85),10+,9
53432,05.17.13 J0137348 *IEF099I JOB AXBKOUT  WAITING FOR DATA SETS,1+,0
53433,05.06.23 J0137006  +DBA:BANCS BIG SEGMENT TS FOUND!TSLMVU HAS 21 DATASETS(MAX 32) SYSJOB,1+,1
53434,05.06.23 J0137006  +DBA:BANCS BIG SEGMENT TS FOUND!TSSPYO HAS 28 DATASETS(MAX 32) SYSJOB,1+,1
53435,05.06.23 J0137006  +DBA:BANCS BIG SEGMENT TS FOUND!TSGPIS HAS 20 DATASETS(MAX 32) SYSJOB,1+,1
53436,05.05.16 J0137006  +DBA:BANCS BIG PARTITION TS FOUND!TSINCT PART 398 85.7% INUSE SYSJOB,1+,6
53437,05.05.14 J0137006  +DBA:BANCS BIG PARTITION TS FOUND!TSINCT PART 343 87.0% INUSE SYSJOB,1+,6
53438,05.05.13 J0137006  +DBA:BANCS BIG PARTITION TS FOUND!TSINCT PART 328 86.6% INUSE SYSJOB,1+,6
53439,05.05.13 J0137006  +DBA:BANCS BIG PARTITION TS FOUND!TSINCT PART 333 86.4% INUSE SYSJOB,1+,6
53440,05.05.14 J0137006  +DBA:BANCS BIG PARTITION TS FOUND!TSINCT PART 338 86.3% INUSE SYSJOB,1+,6
53441,05.05.05 J0137006  +DBA:BANCS BIG PARTITION TS FOUND!TSINCT PART 123 89.1% INUSE SYSJOB,1+,6
53442,05.04.10 J0137148  +DBA:EISS BIG SEGMENT TS FOUND!CGEN245P HAS 24 DATASETS(MAX 32) SYSJOB,1+,1
53443,05.04.10 J0137148  +DBA:EISS BIG SEGMENT TS FOUND!CGEN048P HAS 20 DATASETS(MAX 32) SYSJOB,1+,1
53444,05.04.10 J0137148  +DBA:EISS BIG SEGMENT TS FOUND!CGEN246P HAS 21 DATASETS(MAX 32) SYSJOB,1+,1
53445,05.04.10 J0137148  +DBA:EISS BIG SEGMENT TS FOUND!CGEN050P HAS 21 DATASETS(MAX 32) SYSJOB,1+,1
53446,05.04.10 J0137148  +DBA:EISS BIG SEGMENT TS FOUND!CGEN263P HAS 22 DATASETS(MAX 32) SYSJOB,1+,1
53447,08.06.22 CP2D S0007542  BSOEXTPDSS0 SEV=WAR CP2C Data Set: SYS0.MLIB.PARMLIB EXTENTS = 16 (Exts > 12),1+,9
53448,"12.39.46 S0093009  +EYUPN0005W CIP1MM31 Notify created for SAM, Context=CPLEXBBS, Target=CIP1KT32, Sev=HS, Event=!!SAMMAX, Text=MAXTASK at 12:39:46.",10+,9
53449,"12.39.46 S0093009  _EYUPN0005W CIP1MM31 Notify created for SAM, Context=CPLEXBBS, Target=CIP1KT32, Sev=HS, Event=!!SAMMAX, Text=MAXTASK at 12:39:46.",10+,9
53450,14.49.26 CP3A S0048551  BZMVJLOOPS0 SEV=WAR CP3B Jobname: BBWEB CURRENT DELAY CPU: 100.00 (%Use+Dly >= 90),10+,9
53451,16.21.07 CP3C S0048685  BZTPJSTRCS0 SEV=WAR ALL Jobname: EDGJSLU3 (CondCode > 4) OR (Abend Code <> '')         带库管理软件地址空间及批量备份作业返回码监控,10+,9
53452,21.15.29 J0192620  +DBA:BANCS BIG SEGMENT TS FOUND!TSGPIS HAS 20 DATASETS(MAX 32) SYSJOB,1+,1
53453,21.15.29 J0192620  +DBA:BANCS BIG SEGMENT TS FOUND!TSLMVU HAS 21 DATASETS(MAX 32) SYSJOB,1+,1
53454,21.15.29 J0192620  +DBA:BANCS BIG SEGMENT TS FOUND!TSSPYO HAS 28 DATASETS(MAX 32) SYSJOB,1+,1
53455,21.14.17 J0192620  +DBA:BANCS BIG PARTITION TS FOUND!TSINCT PART 398 85.7% INUSE SYSJOB,1+,6
53456,21.14.13 J0192620  +DBA:BANCS BIG PARTITION TS FOUND!TSINCT PART 333 86.4% INUSE SYSJOB,1+,6
53457,21.14.15 J0192620  +DBA:BANCS BIG PARTITION TS FOUND!TSINCT PART 348 86.9% INUSE SYSJOB,1+,6
53458,"21.14.13 J0192620  +DBA:BANCS BIG PARTITION TS FOUND!TSINCT PART 333 86.4% INUSE SYSJOB ""DP01_CAP3_TO_QMDD_HY1""). The handling of rows that are added or - changed depends on the type of DB2 utility that performed the - data changes and whether the Q subsc",10+,9
53459,21.14.14 J0192620  +DBA:BANCS BIG PARTITION TS FOUND!TSINCT PART 338 86.3% INUSE SYSJOB,1+,6
53460,21.14.14 J0192620  +DBA:BANCS BIG PARTITION TS FOUND!TSINCT PART 343 87.0% INUSE SYSJOB,1+,6
53461,21.14.03 J0192620  +DBA:BANCS BIG PARTITION TS FOUND!TSINCT PART 123 89.1% INUSE SYSJOB,1+,6
53462,21.11.34 J0192688 *IEF099I JOB NA100006 WAITING FOR DATA SETS,1+,0
53463,21.04.10 J0192578  +DBA:EISS BIG SEGMENT TS FOUND!CGEN246P HAS 21 DATASETS(MAX 32) SYSJOB,1+,1
53464,21.04.10 J0192578  +DBA:EISS BIG SEGMENT TS FOUND!CGEN263P HAS 22 DATASETS(MAX 32) SYSJOB,1+,1
53465,21.04.10 J0192578  +DBA:EISS BIG SEGMENT TS FOUND!CGEN050P HAS 21 DATASETS(MAX 32) SYSJOB,1+,1
53466,21.04.10 J0192578  +DBA:EISS BIG SEGMENT TS FOUND!CGEN048P HAS 20 DATASETS(MAX 32) SYSJOB,1+,1
53467,21.04.10 J0192578  +DBA:EISS BIG SEGMENT TS FOUND!CGEN245P HAS 24 DATASETS(MAX 32) SYSJOB,1+,1
53468,"E2E:2018-12-24 22:21:13,440 ERROR [com.e2e.dc.service.impl.GetLogDataImpl] - Got SQL exception : java.sql.SQLException: ORA-12592: TNS:bad packet",10+,9
53469,22.20.50 J0193289 *IEF099I JOB G01S663B WAITING FOR DATA SETS,1+,0
53470,23.56.48 S0093011  DSNR035I  -DP71 DSNRPBCW WARNING - UNCOMMITTED UR AFTER 3 CHECKPOINTS - CORRELATION NAME = ME980000 -           CONNECTION ID  = DB2CALL -           LUWID = BOCHQP.DP71APPL.D56D6C935022 = 174366 -           PLAN,10+,9
53471,23.18.05 J0001864 *IEF099I JOB EC046500 WAITING FOR DATA SETS,1+,0
53472,00.37.15 J0005005 *IEF099I JOB SA040000 WAITING FOR DATA SETS,1+,0
53473,00.15.25 CP3D S0166260  DNFO1709E 2018-12-24 16:15:25 BOCOUB DNF_O_FT MSIF transfer service determined that the session for SnF queue \bkchsess_rma\ is no longer - active: -  State or reason  : \Sw.SnF.SessionClosed\ -  Session ID,10+,9
53474,00.15.25 CP3C S0166264  DNFO1709E 2018-12-24 16:15:25 BOCOUB DNF_O_FT MSIF transfer service determined that the session for SnF queue \bkchplpx_rma\ is no longer - active: -  State or reason  : \Sw.SnF.SessionClosed\ -  Session ID,10+,9
53475,00.09.26 CP3D S0166260  DNFO1709E 2018-12-24 16:09:25 BOCOUB DNF_O_FT MSIF transfer service determined that the session for SnF queue \bkchqaqa_rma\ is no longer - active: -  State or reason  : \Sw.SnF.SessionClosed\ -  Session ID,10+,9
53476,"SWIFTNet Connectivity error : <?xml version=""1.0""?>
<SwInt:WaitResponse><SwInt:WaitReference>
        <SwInt:SendReferenceVal>201494</SwInt:SendReferenceVal>
    </SwInt:WaitReference><SwInt:SwiftRequestRef>SNL53057-2018-12-24T16:06:13.22085972.1217069Z</",1000+,9
53477,"SWIFTNet Connectivity error : <?xml version=""1.0""?>
<SwInt:WaitResponse><SwInt:WaitReference>
        <SwInt:SendReferenceVal>201705</SwInt:SendReferenceVal>
    </SwInt:WaitReference><SwInt:SwiftRequestRef>SNL53057-2018-12-24T16:05:10.23462330.1221562Z</",1000+,9
53478,01.40.54 J0009981 *IEF099I JOB P1ZOSDL  WAITING FOR DATA SETS,1+,0
53479,01.34.24 CP2D J0127843 *IEF099I JOB TMZ60000 WAITING FOR DATA SETS,1+,0
53480,"01.19.57 CP2B           IOS080I 23F9,D3,UMC23500, I/O TIMEOUT INTERVAL HAS BEEN EXCEEDED FOR AN ACTIVE REQUEST. DATASET NAME=PRDDEDPR.SPLIT.JNAL.UPC20065.PR35",1+,4
53481,01.05.02 J0009258 *IEF099I JOB SMFMRGCI WAITING FOR DATA SETS,1+,0
53482,01.05.02 J0009257 *IEF099I JOB SMFMRGDB WAITING FOR DATA SETS,1+,0
53483,02.43.54 S0093536 *DSNB319A  -DP41 DSNB1CNE THERE IS A SHORTAGE OF SPACE *IN GROUP BUFFER POOL GBP32K1 GEN NOT SUPPORTED,1+,8
53484,02.39.46 CP3C S0048685  BZTPJSTRCS0 SEV=WAR ALL Jobname: EDGJSLU3 (CondCode > 4) OR (Abend Code <> '')         带库管理软件地址空间及批量备份作业返回码监控,10+,9
53485,02.39.15 J0024661 *IEF099I JOB G01S506B WAITING FOR DATA SETS,1+,0
53486,02.27.42 J0022234 *IEF099I JOB P1CICSDL WAITING FOR DATA SETS,1+,0
53487,02.15.11 CP3A J0197675 *IEF099I JOB RMFRPTD3 WAITING FOR DATA SETS,1+,0
53488,03.09.31 CP3C S0048685  BZTPJSTRCS0 SEV=WAR ALL Jobname: EDGJSLU3 (CondCode > 4) OR (Abend Code <> '')         带库管理软件地址空间及批量备份作业返回码监控,10+,9
53489,05.26.43 J0027995 *IEF099I JOB AXBKOUT  WAITING FOR DATA SETS,1+,0
53490,05.22.18 S0093383  BSSTRGRUPS1 SEV=WAR CP1D SG: SGIMGDP CURRENT: 85.30 (Enabled%Full >= 85),10+,9
53491,05.07.30 J0027290  +DBA:BANCS BIG SEGMENT TS FOUND!TSLMVU HAS 21 DATASETS(MAX 32) SYSJOB,1+,1
53492,05.07.30 J0027290  +DBA:BANCS BIG SEGMENT TS FOUND!TSGPIS HAS 20 DATASETS(MAX 32) SYSJOB,1+,1
53493,05.07.30 J0027290  +DBA:BANCS BIG SEGMENT TS FOUND!TSSPYO HAS 28 DATASETS(MAX 32) SYSJOB,1+,1
53494,05.05.57 J0027290  +DBA:BANCS BIG PARTITION TS FOUND!TSINCT PART 398 85.7% INUSE SYSJOB,1+,6
53495,05.05.51 J0027290  +DBA:BANCS BIG PARTITION TS FOUND!TSINCT PART 328 86.6% INUSE SYSJOB 333 86.4% INUSE,1+,6
53496,05.05.53 J0027290  +DBA:BANCS BIG PARTITION TS FOUND!TSINCT PART 338 86.3% INUSE SYSJOB,1+,6
53497,05.05.52 J0027290  +DBA:BANCS BIG PARTITION TS FOUND!TSINCT PART 333 86.4% INUSE SYSJOB,1+,6
53498,05.05.55 J0027290  +DBA:BANCS BIG PARTITION TS FOUND!TSINCT PART 348 86.9% INUSE SYSJOB,1+,6
53499,05.04.11 J0027348  +DBA:EISS BIG SEGMENT TS FOUND!CGEN245P HAS 24 DATASETS(MAX 32) SYSJOB,1+,1
53500,05.04.11 J0027348  +DBA:EISS BIG SEGMENT TS FOUND!CGEN263P HAS 22 DATASETS(MAX 32) SYSJOB,1+,1
53501,05.04.11 J0027348  +DBA:EISS BIG SEGMENT TS FOUND!CGEN048P HAS 20 DATASETS(MAX 32) SYSJOB,1+,1
53502,05.04.11 J0027348  +DBA:EISS BIG SEGMENT TS FOUND!CGEN050P HAS 21 DATASETS(MAX 32) SYSJOB,1+,1
53503,05.04.11 J0027348  +DBA:EISS BIG SEGMENT TS FOUND!CGEN246P HAS 21 DATASETS(MAX 32) SYSJOB,1+,1
53504,08.06.28 CP2D S0007542  BSOEXTPDSS0 SEV=WAR CP2C Data Set: SYS0.MLIB.PARMLIB EXTENTS = 16 (Exts > 12),1+,9
53505,"11.28.23 S0092569  DSNB356I  -DP51 DSNB5SCO FOR GROUP BUFFER POOL GBP34, THE CONDITION THAT CAUSED THE PREVIOUS DSNB355I MESSAGE DOES NOT CURRENTLY EXIST. - PREVIOUS PAGE LEVEL   = 00D56E086CF1E4000000 11:23:51 DEC 25, 2018 - CURR",10+,8
53506,14.14.13 J0057169 *IEF099I JOB DBXZB    WAITING FOR DATA SETS,1+,0
53507,15.14.43 J0065076 *IEF099I JOB SQLTMP   WAITING FOR DATA SETS,1+,0
53508,2018-12-25 19:58:01 Error: The application process is down: /streams/InfoSphereStreams/system/impl/bin/streams-pec,10+,9
53509,2018-12-25 19:58:01 Error: The application process is down: /streams/InfoSphereStreams/system/impl/bin/streams-pec,10+,9
53510,"E2E:2018-12-25 19:57:55,561 ERROR [com.e2e.dc.service.impl.SendEventImpl] - Connect Failed",1+,2
53511,"E2E:2018-12-25 19:59:13,858 ERROR [com.e2e.dc.service.impl.SendEventImpl] - Connect Failed",1+,2
53512,"E2E:2018-12-25 19:59:10,013 ERROR [com.e2e.dc.service.impl.SendEventImpl] - Connect Failed",1+,2
53513,"E2E:2018-12-25 19:58:10,011 ERROR [com.e2e.dc.service.impl.SendEventImpl] - Connect Failed",1+,2
53514,"E2E:2018-12-25 19:58:55,565 ERROR [com.e2e.dc.service.impl.SendEventImpl] - Connect Failed",1+,2
53515,"E2E:2018-12-25 19:58:43,857 ERROR [com.e2e.dc.service.impl.SendEventImpl] - Connect Failed",1+,2
53516,"E2E:2018-12-25 19:57:40,009 ERROR [com.e2e.dc.service.impl.SendEventImpl] - Connect Failed",1+,2
53517,"E2E:2018-12-25 19:57:25,560 ERROR [com.e2e.dc.service.impl.SendEventImpl] - Connect Failed",1+,2
53518,"E2E:2018-12-25 19:58:25,563 ERROR [com.e2e.dc.service.impl.SendEventImpl] - Connect Failed",1+,2
53519,"E2E:2018-12-25 19:58:13,855 ERROR [com.e2e.dc.service.impl.SendEventImpl] - Connect Failed",1+,2
53520,"E2E:2018-12-25 19:58:40,012 ERROR [com.e2e.dc.service.impl.SendEventImpl] - Connect Failed",1+,2
53521,"E2E:2018-12-25 19:57:43,854 ERROR [com.e2e.dc.service.impl.SendEventImpl] - Connect Failed",1+,2
53522,"E2E:2018-12-25 19:59:17,213 ERROR [com.e2e.dc.service.impl.SendEventImpl] - Connect Failed",1+,2
53523,"E2E:2018-12-25 19:57:47,196 ERROR [com.e2e.dc.service.impl.SendEventImpl] - Connect Failed",1+,2
53524,"E2E:2018-12-25 19:58:47,198 ERROR [com.e2e.dc.service.impl.SendEventImpl] - Connect Failed",1+,2
53525,"E2E:2018-12-25 19:58:17,197 ERROR [com.e2e.dc.service.impl.SendEventImpl] - Connect Failed",1+,2
53526,"E2E:2018-12-25 19:56:47,193 ERROR [com.e2e.dc.service.impl.SendEventImpl] - Connect Failed",1+,2
53527,"E2E:2018-12-25 19:56:55,558 ERROR [com.e2e.dc.service.impl.SendEventImpl] - Connect Failed",1+,2
53528,"E2E:2018-12-25 19:57:13,852 ERROR [com.e2e.dc.service.impl.SendEventImpl] - Connect Failed",1+,2
53529,"E2E:2018-12-25 19:55:40,003 ERROR [com.e2e.dc.service.impl.SendEventImpl] - Connect Failed",1+,2
53530,"E2E:2018-12-25 19:55:43,848 ERROR [com.e2e.dc.service.impl.SendEventImpl] - Connect Failed",1+,2
53531,"E2E:2018-12-25 19:57:17,194 ERROR [com.e2e.dc.service.impl.SendEventImpl] - Connect Failed",1+,2
53532,"E2E:2018-12-25 19:55:47,191 ERROR [com.e2e.dc.service.impl.SendEventImpl] - Connect Failed",1+,2
53533,"E2E:2018-12-25 19:56:10,005 ERROR [com.e2e.dc.service.impl.SendEventImpl] - Connect Failed",1+,2
53534,"E2E:2018-12-25 19:56:13,850 ERROR [com.e2e.dc.service.impl.SendEventImpl] - Connect Failed",1+,2
53535,"E2E:2018-12-25 19:56:17,192 ERROR [com.e2e.dc.service.impl.SendEventImpl] - Connect Failed",1+,2
53536,"E2E:2018-12-25 19:56:43,851 ERROR [com.e2e.dc.service.impl.SendEventImpl] - Connect Failed",1+,2
53537,"E2E:2018-12-25 19:56:40,006 ERROR [com.e2e.dc.service.impl.SendEventImpl] - Connect Failed",1+,2
53538,"E2E:2018-12-25 19:57:10,007 ERROR [com.e2e.dc.service.impl.SendEventImpl] - Connect Failed",1+,2
53539,"E2E: 19.59.27 CP3A S0018081  BPXM023I (STCTVLI) ILGDC08E:socket reconnect failed,ThreadId:1        端到端主机Log DC重连Socket失败，Log DC线程退出。",1000+,9
53540,2018-12-25 20:58:01 Error: The application process is down: /streams/InfoSphereStreams/system/impl/bin/streams-pec,10+,9
53541,2018-12-25 20:58:01 Error: The application process is down: /streams/InfoSphereStreams/system/impl/bin/streams-pec,10+,9
53542,"E2E:2018-12-25 20:59:08,578 ERROR [com.e2e.dc.service.impl.SendEventImpl] - Connect Failed",1+,2
53543,"E2E:2018-12-25 20:58:47,446 ERROR [com.e2e.dc.service.impl.SendEventImpl] - Connect Failed",1+,2
53544,"E2E:2018-12-25 20:57:55,744 ERROR [com.e2e.dc.service.impl.SendEventImpl] - Connect Failed",1+,2
53545,"E2E:2018-12-25 20:59:12,392 ERROR [com.e2e.dc.service.impl.SendEventImpl] - Connect Failed",1+,2
53546,"E2E:2018-12-25 20:58:10,349 ERROR [com.e2e.dc.service.impl.SendEventImpl] - Connect Failed",1+,2
53547,"E2E:2018-12-25 20:58:42,390 ERROR [com.e2e.dc.service.impl.SendEventImpl] - Connect Failed",1+,2
53548,"E2E:2018-12-25 20:57:25,742 ERROR [com.e2e.dc.service.impl.SendEventImpl] - Connect Failed",1+,2
53549,"E2E:2018-12-25 20:58:40,169 ERROR [com.e2e.dc.service.impl.SendEventImpl] - Connect Failed",1+,2
53550,"E2E:2018-12-25 20:59:17,448 ERROR [com.e2e.dc.service.impl.SendEventImpl] - Connect Failed",1+,2
53551,"E2E:2018-12-25 20:58:10,168 ERROR [com.e2e.dc.service.impl.SendEventImpl] - Connect Failed",1+,2
53552,"E2E:2018-12-25 20:57:40,347 ERROR [com.e2e.dc.service.impl.SendEventImpl] - Connect Failed",1+,2
53553,"E2E:2018-12-25 20:58:55,747 ERROR [com.e2e.dc.service.impl.SendEventImpl] - Connect Failed",1+,2
53554,"E2E:2018-12-25 20:59:10,352 ERROR [com.e2e.dc.service.impl.SendEventImpl] - Connect Failed",1+,2
53555,"E2E:2018-12-25 20:57:40,166 ERROR [com.e2e.dc.service.impl.SendEventImpl] - Connect Failed",1+,2
53556,"E2E:2018-12-25 20:57:42,387 ERROR [com.e2e.dc.service.impl.SendEventImpl] - Connect Failed",1+,2
53557,"E2E:2018-12-25 20:57:47,443 ERROR [com.e2e.dc.service.impl.SendEventImpl] - Connect Failed",1+,2
53558,"E2E:2018-12-25 20:58:12,388 ERROR [com.e2e.dc.service.impl.SendEventImpl] - Connect Failed",1+,2
53559,"E2E:2018-12-25 20:58:38,577 ERROR [com.e2e.dc.service.impl.SendEventImpl] - Connect Failed",1+,2
53560,"E2E:2018-12-25 20:58:47,435 ERROR [com.e2e.dc.service.impl.SendEventImpl] - Connect Failed",1+,2
53561,"E2E:2018-12-25 20:57:47,431 ERROR [com.e2e.dc.service.impl.SendEventImpl] - Connect Failed",1+,2
53562,"E2E:2018-12-25 20:59:14,079 ERROR [com.e2e.dc.service.impl.SendEventImpl] - Connect Failed",1+,2
53563,"E2E:2018-12-25 20:58:40,350 ERROR [com.e2e.dc.service.impl.SendEventImpl] - Connect Failed",1+,2
53564,"E2E:2018-12-25 20:57:44,072 ERROR [com.e2e.dc.service.impl.SendEventImpl] - Connect Failed",1+,2
53565,"E2E:2018-12-25 20:58:25,745 ERROR [com.e2e.dc.service.impl.SendEventImpl] - Connect Failed",1+,2
53566,"E2E:2018-12-25 20:58:44,078 ERROR [com.e2e.dc.service.impl.SendEventImpl] - Connect Failed",1+,2
53567,"E2E:2018-12-25 20:59:10,171 ERROR [com.e2e.dc.service.impl.SendEventImpl] - Connect Failed",1+,2
53568,"E2E:2018-12-25 20:59:17,436 ERROR [com.e2e.dc.service.impl.SendEventImpl] - Connect Failed",1+,2
53569,"E2E:2018-12-25 20:57:38,572 ERROR [com.e2e.dc.service.impl.SendEventImpl] - Connect Failed",1+,2
53570,"E2E:2018-12-25 20:58:08,575 ERROR [com.e2e.dc.service.impl.SendEventImpl] - Connect Failed",1+,2
53571,"E2E:2018-12-25 20:58:17,445 ERROR [com.e2e.dc.service.impl.SendEventImpl] - Connect Failed",1+,2
53572,"E2E:2018-12-25 20:58:17,432 ERROR [com.e2e.dc.service.impl.SendEventImpl] - Connect Failed",1+,2
53573,"E2E:2018-12-25 20:58:14,077 ERROR [com.e2e.dc.service.impl.SendEventImpl] - Connect Failed",1+,2
53574,2018-12-25 20:56:02 Error: The application process is down: /streams/InfoSphereStreams/system/impl/bin/streams-pec,10+,9
53575,"E2E:2018-12-25 20:56:47,440 ERROR [com.e2e.dc.service.impl.SendEventImpl] - Connect Failed",1+,2
53576,"E2E:2018-12-25 20:57:14,070 ERROR [com.e2e.dc.service.impl.SendEventImpl] - Connect Failed",1+,2
53577,"E2E:2018-12-25 20:56:14,067 ERROR [com.e2e.dc.service.impl.SendEventImpl] - Connect Failed",1+,2
53578,"E2E:2018-12-25 20:55:40,342 ERROR [com.e2e.dc.service.impl.SendEventImpl] - Connect Failed",1+,2
53579,"E2E:2018-12-25 20:56:38,569 ERROR [com.e2e.dc.service.impl.SendEventImpl] - Connect Failed",1+,2
53580,"E2E:2018-12-25 20:56:25,739 ERROR [com.e2e.dc.service.impl.SendEventImpl] - Connect Failed",1+,2
53581,"E2E:2018-12-25 20:56:08,568 ERROR [com.e2e.dc.service.impl.SendEventImpl] - Connect Failed",1+,2
53582,"E2E:2018-12-25 20:56:10,163 ERROR [com.e2e.dc.service.impl.SendEventImpl] - Connect Failed",1+,2
53583,"E2E:2018-12-25 20:57:08,571 ERROR [com.e2e.dc.service.impl.SendEventImpl] - Connect Failed",1+,2
53584,"E2E:2018-12-25 20:56:40,164 ERROR [com.e2e.dc.service.impl.SendEventImpl] - Connect Failed",1+,2
53585,"E2E:2018-12-25 20:55:44,066 ERROR [com.e2e.dc.service.impl.SendEventImpl] - Connect Failed",1+,2
53586,"E2E:2018-12-25 20:55:38,567 ERROR [com.e2e.dc.service.impl.SendEventImpl] - Connect Failed",1+,2
53587,"E2E:2018-12-25 20:57:17,442 ERROR [com.e2e.dc.service.impl.SendEventImpl] - Connect Failed",1+,2
53588,"E2E:2018-12-25 20:56:55,740 ERROR [com.e2e.dc.service.impl.SendEventImpl] - Connect Failed",1+,2
53589,"E2E:2018-12-25 20:55:47,425 ERROR [com.e2e.dc.service.impl.SendEventImpl] - Connect Failed",1+,2
53590,"E2E:2018-12-25 20:55:25,736 ERROR [com.e2e.dc.service.impl.SendEventImpl] - Connect Failed",1+,2
53591,"E2E:2018-12-25 20:57:10,346 ERROR [com.e2e.dc.service.impl.SendEventImpl] - Connect Failed",1+,2
53592,"E2E:2018-12-25 20:56:44,069 ERROR [com.e2e.dc.service.impl.SendEventImpl] - Connect Failed",1+,2
53593,"E2E:2018-12-25 20:56:12,381 ERROR [com.e2e.dc.service.impl.SendEventImpl] - Connect Failed",1+,2
53594,"E2E:2018-12-25 20:56:17,426 ERROR [com.e2e.dc.service.impl.SendEventImpl] - Connect Failed",1+,2
53595,"E2E:2018-12-25 20:55:42,379 ERROR [com.e2e.dc.service.impl.SendEventImpl] - Connect Failed",1+,2
53596,"E2E:2018-12-25 20:55:47,438 ERROR [com.e2e.dc.service.impl.SendEventImpl] - Connect Failed",1+,2
53597,"E2E:2018-12-25 20:56:40,345 ERROR [com.e2e.dc.service.impl.SendEventImpl] - Connect Failed",1+,2
53598,"E2E:2018-12-25 20:56:10,343 ERROR [com.e2e.dc.service.impl.SendEventImpl] - Connect Failed",1+,2
53599,"E2E:2018-12-25 20:56:17,439 ERROR [com.e2e.dc.service.impl.SendEventImpl] - Connect Failed",1+,2
53600,"E2E:2018-12-25 20:57:10,165 ERROR [com.e2e.dc.service.impl.SendEventImpl] - Connect Failed",1+,2
53601,"E2E:2018-12-25 20:57:12,385 ERROR [com.e2e.dc.service.impl.SendEventImpl] - Connect Failed",1+,2
53602,"E2E:2018-12-25 20:56:42,383 ERROR [com.e2e.dc.service.impl.SendEventImpl] - Connect Failed",1+,2
53603,"E2E:2018-12-25 20:55:55,737 ERROR [com.e2e.dc.service.impl.SendEventImpl] - Connect Failed",1+,2
53604,"E2E:2018-12-25 20:56:47,427 ERROR [com.e2e.dc.service.impl.SendEventImpl] - Connect Failed",1+,2
53605,"E2E:2018-12-25 20:55:40,161 ERROR [com.e2e.dc.service.impl.SendEventImpl] - Connect Failed",1+,2
53606,"E2E:2018-12-25 20:57:17,429 ERROR [com.e2e.dc.service.impl.SendEventImpl] - Connect Failed",1+,2
53607,"E2E: 20.59.41 CP3B S0079030  BPXM023I (STCTVLI) ILGDC08E:socket reconnect failed,ThreadId:1        端到端主机Log DC重连Socket失败，Log DC线程退出。",1000+,9
53608,端到端:ERROR CN streamsjob status not running!,10+,9
53609,端到端:ERROR OVERSEA streamsjob healthy not good!,10+,9
53610,端到端:ERROR OVERSEA streamsjob status not running!,10+,9
53611,端到端:ERROR CN streamsjob healthy not good!,10+,9
53612,端到端:ERROR CN streamsjob healthy not good!,10+,9
53613,端到端:ERROR OVERSEA streamsjob healthy not good!,10+,9
53614,端到端:ERROR CN streamsjob status not running!,10+,9
53615,端到端:ERROR OVERSEA streamsjob status not running!,10+,9
53616,"E2E:2018-12-25 20:54:10,338 ERROR [com.e2e.dc.service.impl.SendEventImpl] - Connect Failed",1+,2
53617,"E2E:2018-12-25 20:55:10,160 ERROR [com.e2e.dc.service.impl.SendEventImpl] - Connect Failed",1+,2
53618,"E2E:2018-12-25 20:53:38,561 ERROR [com.e2e.dc.service.impl.SendEventImpl] - Connect Failed",1+,2
53619,"E2E:2018-12-25 20:54:38,564 ERROR [com.e2e.dc.service.impl.SendEventImpl] - Connect Failed",1+,2
53620,"E2E:2018-12-25 20:53:40,337 ERROR [com.e2e.dc.service.impl.SendEventImpl] - Connect Failed",1+,2
53621,"E2E:2018-12-25 20:54:40,158 ERROR [com.e2e.dc.service.impl.SendEventImpl] - Connect Failed",1+,2
53622,"E2E:2018-12-25 20:54:08,563 ERROR [com.e2e.dc.service.impl.SendEventImpl] - Connect Failed",1+,2
53623,"E2E:2018-12-25 20:55:10,340 ERROR [com.e2e.dc.service.impl.SendEventImpl] - Connect Failed",1+,2
53624,"E2E:2018-12-25 20:55:17,436 ERROR [com.e2e.dc.service.impl.SendEventImpl] - Connect Failed",1+,2
53625,"E2E:2018-12-25 20:55:12,378 ERROR [com.e2e.dc.service.impl.SendEventImpl] - Connect Failed",1+,2
53626,"E2E:2018-12-25 20:53:55,731 ERROR [com.e2e.dc.service.impl.SendEventImpl] - Connect Failed",1+,2
53627,"E2E:2018-12-25 20:54:17,433 ERROR [com.e2e.dc.service.impl.SendEventImpl] - Connect Failed",1+,2
53628,"E2E:2018-12-25 20:54:42,376 ERROR [com.e2e.dc.service.impl.SendEventImpl] - Connect Failed",1+,2
53629,"E2E:2018-12-25 20:53:40,156 ERROR [com.e2e.dc.service.impl.SendEventImpl] - Connect Failed",1+,2
53630,"E2E:2018-12-25 20:54:47,422 ERROR [com.e2e.dc.service.impl.SendEventImpl] - Connect Failed",1+,2
53631,"E2E:2018-12-25 20:53:44,060 ERROR [com.e2e.dc.service.impl.SendEventImpl] - Connect Failed",1+,2
53632,"E2E:2018-12-25 20:54:47,435 ERROR [com.e2e.dc.service.impl.SendEventImpl] - Connect Failed",1+,2
53633,"E2E:2018-12-25 20:54:12,374 ERROR [com.e2e.dc.service.impl.SendEventImpl] - Connect Failed",1+,2
53634,"E2E:2018-12-25 20:55:17,423 ERROR [com.e2e.dc.service.impl.SendEventImpl] - Connect Failed",1+,2
53635,"E2E:2018-12-25 20:53:42,372 ERROR [com.e2e.dc.service.impl.SendEventImpl] - Connect Failed",1+,2
53636,"E2E:2018-12-25 20:53:47,419 ERROR [com.e2e.dc.service.impl.SendEventImpl] - Connect Failed",1+,2
53637,"E2E:2018-12-25 20:54:10,157 ERROR [com.e2e.dc.service.impl.SendEventImpl] - Connect Failed",1+,2
53638,"E2E:2018-12-25 20:55:14,064 ERROR [com.e2e.dc.service.impl.SendEventImpl] - Connect Failed",1+,2
53639,"E2E:2018-12-25 20:54:40,339 ERROR [com.e2e.dc.service.impl.SendEventImpl] - Connect Failed",1+,2
53640,"E2E:2018-12-25 20:53:25,729 ERROR [com.e2e.dc.service.impl.SendEventImpl] - Connect Failed",1+,2
53641,"E2E:2018-12-25 20:54:25,733 ERROR [com.e2e.dc.service.impl.SendEventImpl] - Connect Failed",1+,2
53642,"E2E:2018-12-25 20:55:08,565 ERROR [com.e2e.dc.service.impl.SendEventImpl] - Connect Failed",1+,2
53643,"E2E:2018-12-25 20:53:47,432 ERROR [com.e2e.dc.service.impl.SendEventImpl] - Connect Failed",1+,2
53644,"E2E:2018-12-25 20:54:14,062 ERROR [com.e2e.dc.service.impl.SendEventImpl] - Connect Failed",1+,2
53645,"E2E:2018-12-25 20:54:55,734 ERROR [com.e2e.dc.service.impl.SendEventImpl] - Connect Failed",1+,2
53646,"E2E:2018-12-25 20:54:17,420 ERROR [com.e2e.dc.service.impl.SendEventImpl] - Connect Failed",1+,2
53647,"E2E:2018-12-25 20:54:44,063 ERROR [com.e2e.dc.service.impl.SendEventImpl] - Connect Failed",1+,2
53648,"E2E:2018-12-25 20:52:17,427 ERROR [com.e2e.dc.service.impl.SendEventImpl] - Connect Failed",1+,2
53649,"E2E:2018-12-25 20:52:12,367 ERROR [com.e2e.dc.service.impl.SendEventImpl] - Connect Failed",1+,2
53650,"E2E:2018-12-25 20:53:10,335 ERROR [com.e2e.dc.service.impl.SendEventImpl] - Connect Failed",1+,2
53651,"E2E:2018-12-25 20:52:10,152 ERROR [com.e2e.dc.service.impl.SendEventImpl] - Connect Failed",1+,2
53652,"E2E:2018-12-25 20:52:40,334 ERROR [com.e2e.dc.service.impl.SendEventImpl] - Connect Failed",1+,2
53653,"E2E:2018-12-25 20:51:38,555 ERROR [com.e2e.dc.service.impl.SendEventImpl] - Connect Failed",1+,2
53654,"E2E:2018-12-25 20:52:55,728 ERROR [com.e2e.dc.service.impl.SendEventImpl] - Connect Failed",1+,2
53655,"E2E:2018-12-25 20:51:42,366 ERROR [com.e2e.dc.service.impl.SendEventImpl] - Connect Failed",1+,2
53656,"E2E:2018-12-25 20:52:17,415 ERROR [com.e2e.dc.service.impl.SendEventImpl] - Connect Failed",1+,2
53657,"E2E:2018-12-25 20:51:47,414 ERROR [com.e2e.dc.service.impl.SendEventImpl] - Connect Failed",1+,2
53658,"E2E:2018-12-25 20:52:38,558 ERROR [com.e2e.dc.service.impl.SendEventImpl] - Connect Failed",1+,2
53659,"E2E:2018-12-25 20:52:14,056 ERROR [com.e2e.dc.service.impl.SendEventImpl] - Connect Failed",1+,2
53660,"E2E:2018-12-25 20:53:17,430 ERROR [com.e2e.dc.service.impl.SendEventImpl] - Connect Failed",1+,2
53661,"E2E:2018-12-25 20:53:14,059 ERROR [com.e2e.dc.service.impl.SendEventImpl] - Connect Failed",1+,2
53662,"E2E:2018-12-25 20:53:17,418 ERROR [com.e2e.dc.service.impl.SendEventImpl] - Connect Failed",1+,2
53663,"E2E:2018-12-25 20:51:40,331 ERROR [com.e2e.dc.service.impl.SendEventImpl] - Connect Failed",1+,2
53664,"E2E:2018-12-25 20:52:44,058 ERROR [com.e2e.dc.service.impl.SendEventImpl] - Connect Failed",1+,2
53665,"E2E:2018-12-25 20:52:40,153 ERROR [com.e2e.dc.service.impl.SendEventImpl] - Connect Failed",1+,2
53666,"E2E:2018-12-25 20:52:42,369 ERROR [com.e2e.dc.service.impl.SendEventImpl] - Connect Failed",1+,2
53667,"E2E:2018-12-25 20:52:25,726 ERROR [com.e2e.dc.service.impl.SendEventImpl] - Connect Failed",1+,2
53668,"E2E:2018-12-25 20:53:08,560 ERROR [com.e2e.dc.service.impl.SendEventImpl] - Connect Failed",1+,2
53669,"E2E:2018-12-25 20:51:47,424 ERROR [com.e2e.dc.service.impl.SendEventImpl] - Connect Failed",1+,2
53670,"E2E:2018-12-25 20:53:10,155 ERROR [com.e2e.dc.service.impl.SendEventImpl] - Connect Failed",1+,2
53671,"E2E:2018-12-25 20:51:40,150 ERROR [com.e2e.dc.service.impl.SendEventImpl] - Connect Failed",1+,2
53672,"E2E:2018-12-25 20:53:12,371 ERROR [com.e2e.dc.service.impl.SendEventImpl] - Connect Failed",1+,2
53673,"E2E:2018-12-25 20:52:47,417 ERROR [com.e2e.dc.service.impl.SendEventImpl] - Connect Failed",1+,2
53674,"E2E:2018-12-25 20:52:47,429 ERROR [com.e2e.dc.service.impl.SendEventImpl] - Connect Failed",1+,2
53675,"E2E:2018-12-25 20:52:08,557 ERROR [com.e2e.dc.service.impl.SendEventImpl] - Connect Failed",1+,2
53676,"E2E:2018-12-25 20:52:10,333 ERROR [com.e2e.dc.service.impl.SendEventImpl] - Connect Failed",1+,2
53677,"E2E:2018-12-25 20:51:25,723 ERROR [com.e2e.dc.service.impl.SendEventImpl] - Connect Failed",1+,2
53678,"E2E:2018-12-25 20:51:44,055 ERROR [com.e2e.dc.service.impl.SendEventImpl] - Connect Failed",1+,2
53679,"E2E:2018-12-25 20:51:55,725 ERROR [com.e2e.dc.service.impl.SendEventImpl] - Connect Failed",1+,2
53680,"E2E:2018-12-25 20:49:44,050 ERROR [com.e2e.dc.service.impl.SendEventImpl] - Connect Failed",1+,2
53681,"E2E:2018-12-25 20:51:17,412 ERROR [com.e2e.dc.service.impl.SendEventImpl] - Connect Failed",1+,2
53682,"E2E:2018-12-25 20:50:10,328 ERROR [com.e2e.dc.service.impl.SendEventImpl] - Connect Failed",1+,2
53683,"E2E:2018-12-25 20:51:10,330 ERROR [com.e2e.dc.service.impl.SendEventImpl] - Connect Failed",1+,2
53684,"E2E:2018-12-25 20:49:55,719 ERROR [com.e2e.dc.service.impl.SendEventImpl] - Connect Failed",1+,2
53685,"E2E:2018-12-25 20:50:47,421 ERROR [com.e2e.dc.service.impl.SendEventImpl] - Connect Failed",1+,2
53686,"E2E:2018-12-25 20:51:14,054 ERROR [com.e2e.dc.service.impl.SendEventImpl] - Connect Failed",1+,2
53687,"E2E:2018-12-25 20:50:47,411 ERROR [com.e2e.dc.service.impl.SendEventImpl] - Connect Failed",1+,2
53688,"E2E:2018-12-25 20:50:44,053 ERROR [com.e2e.dc.service.impl.SendEventImpl] - Connect Failed",1+,2
53689,"E2E:2018-12-25 20:50:14,051 ERROR [com.e2e.dc.service.impl.SendEventImpl] - Connect Failed",1+,2
53690,"E2E:2018-12-25 20:50:17,420 ERROR [com.e2e.dc.service.impl.SendEventImpl] - Connect Failed",1+,2
53691,"E2E:2018-12-25 20:50:17,410 ERROR [com.e2e.dc.service.impl.SendEventImpl] - Connect Failed",1+,2
53692,"E2E:2018-12-25 20:49:40,326 ERROR [com.e2e.dc.service.impl.SendEventImpl] - Connect Failed",1+,2
53693,"E2E:2018-12-25 20:51:12,364 ERROR [com.e2e.dc.service.impl.SendEventImpl] - Connect Failed",1+,2
53694,"E2E:2018-12-25 20:50:55,722 ERROR [com.e2e.dc.service.impl.SendEventImpl] - Connect Failed",1+,2
53695,"E2E:2018-12-25 20:50:38,552 ERROR [com.e2e.dc.service.impl.SendEventImpl] - Connect Failed",1+,2
53696,"E2E:2018-12-25 20:50:40,329 ERROR [com.e2e.dc.service.impl.SendEventImpl] - Connect Failed",1+,2
53697,"E2E:2018-12-25 20:49:38,550 ERROR [com.e2e.dc.service.impl.SendEventImpl] - Connect Failed",1+,2
53698,"E2E:2018-12-25 20:50:10,146 ERROR [com.e2e.dc.service.impl.SendEventImpl] - Connect Failed",1+,2
53699,"E2E:2018-12-25 20:50:25,720 ERROR [com.e2e.dc.service.impl.SendEventImpl] - Connect Failed",1+,2
53700,"E2E:2018-12-25 20:50:08,551 ERROR [com.e2e.dc.service.impl.SendEventImpl] - Connect Failed",1+,2
53701,"E2E:2018-12-25 20:50:12,360 ERROR [com.e2e.dc.service.impl.SendEventImpl] - Connect Failed",1+,2
53702,"E2E:2018-12-25 20:49:42,359 ERROR [com.e2e.dc.service.impl.SendEventImpl] - Connect Failed",1+,2
53703,"E2E:2018-12-25 20:49:47,418 ERROR [com.e2e.dc.service.impl.SendEventImpl] - Connect Failed",1+,2
53704,"E2E:2018-12-25 20:51:17,423 ERROR [com.e2e.dc.service.impl.SendEventImpl] - Connect Failed",1+,2
53705,"E2E:2018-12-25 20:51:08,554 ERROR [com.e2e.dc.service.impl.SendEventImpl] - Connect Failed",1+,2
53706,"E2E:2018-12-25 20:50:40,148 ERROR [com.e2e.dc.service.impl.SendEventImpl] - Connect Failed",1+,2
53707,"E2E:2018-12-25 20:50:42,362 ERROR [com.e2e.dc.service.impl.SendEventImpl] - Connect Failed",1+,2
53708,"E2E:2018-12-25 20:49:25,717 ERROR [com.e2e.dc.service.impl.SendEventImpl] - Connect Failed",1+,2
53709,"E2E:2018-12-25 20:51:10,149 ERROR [com.e2e.dc.service.impl.SendEventImpl] - Connect Failed",1+,2
53710,"E2E:2018-12-25 20:49:40,145 ERROR [com.e2e.dc.service.impl.SendEventImpl] - Connect Failed",1+,2
53711,"E2E:2018-12-25 20:49:47,408 ERROR [com.e2e.dc.service.impl.SendEventImpl] - Connect Failed",1+,2
53712,"E2E:2018-12-25 20:48:47,405 ERROR [com.e2e.dc.service.impl.SendEventImpl] - Connect Failed",1+,2
53713,"E2E:2018-12-25 20:48:12,353 ERROR [com.e2e.dc.service.impl.SendEventImpl] - Connect Failed",1+,2
53714,"E2E:2018-12-25 20:48:10,141 ERROR [com.e2e.dc.service.impl.SendEventImpl] - Connect Failed",1+,2
53715,"E2E:2018-12-25 20:47:38,544 ERROR [com.e2e.dc.service.impl.SendEventImpl] - Connect Failed",1+,2
53716,"E2E:2018-12-25 20:49:17,417 ERROR [com.e2e.dc.service.impl.SendEventImpl] - Connect Failed",1+,2
53717,"E2E:2018-12-25 20:47:42,352 ERROR [com.e2e.dc.service.impl.SendEventImpl] - Connect Failed",1+,2
53718,"E2E:2018-12-25 20:48:17,413 ERROR [com.e2e.dc.service.impl.SendEventImpl] - Connect Failed",1+,2
53719,"E2E:2018-12-25 20:48:10,322 ERROR [com.e2e.dc.service.impl.SendEventImpl] - Connect Failed",1+,2
53720,"E2E:2018-12-25 20:49:12,357 ERROR [com.e2e.dc.service.impl.SendEventImpl] - Connect Failed",1+,2
53721,"E2E:2018-12-25 20:49:10,325 ERROR [com.e2e.dc.service.impl.SendEventImpl] - Connect Failed",1+,2
53722,"E2E:2018-12-25 20:49:08,549 ERROR [com.e2e.dc.service.impl.SendEventImpl] - Connect Failed",1+,2
53723,"E2E:2018-12-25 20:47:44,045 ERROR [com.e2e.dc.service.impl.SendEventImpl] - Connect Failed",1+,2
53724,"E2E:2018-12-25 20:48:44,047 ERROR [com.e2e.dc.service.impl.SendEventImpl] - Connect Failed",1+,2
53725,"E2E:2018-12-25 20:48:25,714 ERROR [com.e2e.dc.service.impl.SendEventImpl] - Connect Failed",1+,2
53726,"E2E:2018-12-25 20:47:47,412 ERROR [com.e2e.dc.service.impl.SendEventImpl] - Connect Failed",1+,2
53727,"E2E:2018-12-25 20:47:55,712 ERROR [com.e2e.dc.service.impl.SendEventImpl] - Connect Failed",1+,2
53728,"E2E:2018-12-25 20:47:47,403 ERROR [com.e2e.dc.service.impl.SendEventImpl] - Connect Failed",1+,2
53729,"E2E:2018-12-25 20:49:10,144 ERROR [com.e2e.dc.service.impl.SendEventImpl] - Connect Failed",1+,2
53730,"E2E:2018-12-25 20:49:17,407 ERROR [com.e2e.dc.service.impl.SendEventImpl] - Connect Failed",1+,2
53731,"E2E:2018-12-25 20:48:40,142 ERROR [com.e2e.dc.service.impl.SendEventImpl] - Connect Failed",1+,2
53732,"E2E:2018-12-25 20:48:17,404 ERROR [com.e2e.dc.service.impl.SendEventImpl] - Connect Failed",1+,2
53733,"E2E:2018-12-25 20:49:14,048 ERROR [com.e2e.dc.service.impl.SendEventImpl] - Connect Failed",1+,2
53734,"E2E:2018-12-25 20:48:38,546 ERROR [com.e2e.dc.service.impl.SendEventImpl] - Connect Failed",1+,2
53735,"E2E:2018-12-25 20:48:42,355 ERROR [com.e2e.dc.service.impl.SendEventImpl] - Connect Failed",1+,2
53736,"E2E:2018-12-25 20:48:14,046 ERROR [com.e2e.dc.service.impl.SendEventImpl] - Connect Failed",1+,2
53737,"E2E:2018-12-25 20:48:55,715 ERROR [com.e2e.dc.service.impl.SendEventImpl] - Connect Failed",1+,2
53738,"E2E:2018-12-25 20:48:47,415 ERROR [com.e2e.dc.service.impl.SendEventImpl] - Connect Failed",1+,2
53739,"E2E:2018-12-25 20:47:40,140 ERROR [com.e2e.dc.service.impl.SendEventImpl] - Connect Failed",1+,2
53740,"E2E:2018-12-25 20:47:40,321 ERROR [com.e2e.dc.service.impl.SendEventImpl] - Connect Failed",1+,2
53741,"E2E:2018-12-25 20:47:25,711 ERROR [com.e2e.dc.service.impl.SendEventImpl] - Connect Failed",1+,2
53742,"E2E:2018-12-25 20:48:08,545 ERROR [com.e2e.dc.service.impl.SendEventImpl] - Connect Failed",1+,2
53743,"E2E:2018-12-25 20:48:40,324 ERROR [com.e2e.dc.service.impl.SendEventImpl] - Connect Failed",1+,2
53744,"E2E:2018-12-25 20:45:25,705 ERROR [com.e2e.dc.service.impl.SendEventImpl] - Connect Failed",1+,2
53745,"E2E:2018-12-25 20:47:17,401 ERROR [com.e2e.dc.service.impl.SendEventImpl] - Connect Failed",1+,2
53746,"E2E:2018-12-25 20:47:12,350 ERROR [com.e2e.dc.service.impl.SendEventImpl] - Connect Failed",1+,2
53747,"E2E:2018-12-25 20:46:17,407 ERROR [com.e2e.dc.service.impl.SendEventImpl] - Connect Failed",1+,2
53748,"E2E:2018-12-25 20:46:40,318 ERROR [com.e2e.dc.service.impl.SendEventImpl] - Connect Failed",1+,2
53749,"E2E:2018-12-25 20:46:10,136 ERROR [com.e2e.dc.service.impl.SendEventImpl] - Connect Failed",1+,2
53750,"E2E:2018-12-25 20:45:40,134 ERROR [com.e2e.dc.service.impl.SendEventImpl] - Connect Failed",1+,2
53751,"E2E:2018-12-25 20:46:40,137 ERROR [com.e2e.dc.service.impl.SendEventImpl] - Connect Failed",1+,2
53752,"E2E:2018-12-25 20:45:47,406 ERROR [com.e2e.dc.service.impl.SendEventImpl] - Connect Failed",1+,2
53753,"E2E:2018-12-25 20:46:38,541 ERROR [com.e2e.dc.service.impl.SendEventImpl] - Connect Failed",1+,2
53754,"E2E:2018-12-25 20:47:17,410 ERROR [com.e2e.dc.service.impl.SendEventImpl] - Connect Failed",1+,2
53755,"E2E:2018-12-25 20:46:47,409 ERROR [com.e2e.dc.service.impl.SendEventImpl] - Connect Failed",1+,2
53756,"E2E:2018-12-25 20:45:42,344 ERROR [com.e2e.dc.service.impl.SendEventImpl] - Connect Failed",1+,2
53757,"E2E:2018-12-25 20:45:40,315 ERROR [com.e2e.dc.service.impl.SendEventImpl] - Connect Failed",1+,2
53758,"E2E:2018-12-25 20:46:17,399 ERROR [com.e2e.dc.service.impl.SendEventImpl] - Connect Failed",1+,2
53759,"E2E:2018-12-25 20:46:10,317 ERROR [com.e2e.dc.service.impl.SendEventImpl] - Connect Failed",1+,2
53760,"E2E:2018-12-25 20:46:55,709 ERROR [com.e2e.dc.service.impl.SendEventImpl] - Connect Failed",1+,2
53761,"E2E:2018-12-25 20:47:10,138 ERROR [com.e2e.dc.service.impl.SendEventImpl] - Connect Failed",1+,2
53762,"E2E:2018-12-25 20:46:25,708 ERROR [com.e2e.dc.service.impl.SendEventImpl] - Connect Failed",1+,2
53763,"E2E:2018-12-25 20:46:08,539 ERROR [com.e2e.dc.service.impl.SendEventImpl] - Connect Failed",1+,2
53764,"E2E:2018-12-25 20:45:47,398 ERROR [com.e2e.dc.service.impl.SendEventImpl] - Connect Failed",1+,2
53765,"E2E:2018-12-25 20:47:08,542 ERROR [com.e2e.dc.service.impl.SendEventImpl] - Connect Failed",1+,2
53766,"E2E:2018-12-25 20:45:38,538 ERROR [com.e2e.dc.service.impl.SendEventImpl] - Connect Failed",1+,2
53767,"E2E:2018-12-25 20:45:44,039 ERROR [com.e2e.dc.service.impl.SendEventImpl] - Connect Failed",1+,2
53768,"E2E:2018-12-25 20:46:47,400 ERROR [com.e2e.dc.service.impl.SendEventImpl] - Connect Failed",1+,2
53769,"E2E:2018-12-25 20:47:14,043 ERROR [com.e2e.dc.service.impl.SendEventImpl] - Connect Failed",1+,2
53770,"E2E:2018-12-25 20:46:44,042 ERROR [com.e2e.dc.service.impl.SendEventImpl] - Connect Failed",1+,2
53771,"E2E:2018-12-25 20:46:12,345 ERROR [com.e2e.dc.service.impl.SendEventImpl] - Connect Failed",1+,2
53772,"E2E:2018-12-25 20:45:55,706 ERROR [com.e2e.dc.service.impl.SendEventImpl] - Connect Failed",1+,2
53773,"E2E:2018-12-25 20:46:14,040 ERROR [com.e2e.dc.service.impl.SendEventImpl] - Connect Failed",1+,2
53774,"E2E:2018-12-25 20:47:10,320 ERROR [com.e2e.dc.service.impl.SendEventImpl] - Connect Failed",1+,2
53775,"E2E:2018-12-25 20:46:42,347 ERROR [com.e2e.dc.service.impl.SendEventImpl] - Connect Failed",1+,2
53776,"E2E:2018-12-25 20:43:42,337 ERROR [com.e2e.dc.service.impl.SendEventImpl] - Connect Failed",1+,2
53777,"E2E:2018-12-25 20:44:40,313 ERROR [com.e2e.dc.service.impl.SendEventImpl] - Connect Failed",1+,2
53778,"E2E:2018-12-25 20:44:55,703 ERROR [com.e2e.dc.service.impl.SendEventImpl] - Connect Failed",1+,2
53779,"E2E:2018-12-25 20:44:47,403 ERROR [com.e2e.dc.service.impl.SendEventImpl] - Connect Failed",1+,2
53780,"E2E:2018-12-25 20:44:47,395 ERROR [com.e2e.dc.service.impl.SendEventImpl] - Connect Failed",1+,2
53781,"E2E:2018-12-25 20:45:10,314 ERROR [com.e2e.dc.service.impl.SendEventImpl] - Connect Failed",1+,2
53782,"E2E:2018-12-25 20:44:08,533 ERROR [com.e2e.dc.service.impl.SendEventImpl] - Connect Failed",1+,2
53783,"E2E:2018-12-25 20:44:44,036 ERROR [com.e2e.dc.service.impl.SendEventImpl] - Connect Failed",1+,2
53784,"E2E:2018-12-25 20:44:12,339 ERROR [com.e2e.dc.service.impl.SendEventImpl] - Connect Failed",1+,2
53785,"E2E:2018-12-25 20:43:47,393 ERROR [com.e2e.dc.service.impl.SendEventImpl] - Connect Failed",1+,2
53786,"E2E:2018-12-25 20:44:40,132 ERROR [com.e2e.dc.service.impl.SendEventImpl] - Connect Failed",1+,2
53787,"E2E:2018-12-25 20:45:14,038 ERROR [com.e2e.dc.service.impl.SendEventImpl] - Connect Failed",1+,2
53788,"E2E:2018-12-25 20:44:42,340 ERROR [com.e2e.dc.service.impl.SendEventImpl] - Connect Failed",1+,2
53789,"E2E:2018-12-25 20:43:25,699 ERROR [com.e2e.dc.service.impl.SendEventImpl] - Connect Failed",1+,2
53790,"E2E:2018-12-25 20:43:40,129 ERROR [com.e2e.dc.service.impl.SendEventImpl] - Connect Failed",1+,2
53791,"E2E:2018-12-25 20:43:44,034 ERROR [com.e2e.dc.service.impl.SendEventImpl] - Connect Failed",1+,2
53792,"E2E:2018-12-25 20:44:10,130 ERROR [com.e2e.dc.service.impl.SendEventImpl] - Connect Failed",1+,2
53793,"E2E:2018-12-25 20:45:12,342 ERROR [com.e2e.dc.service.impl.SendEventImpl] - Connect Failed",1+,2
53794,"E2E:2018-12-25 20:45:17,404 ERROR [com.e2e.dc.service.impl.SendEventImpl] - Connect Failed",1+,2
53795,"E2E:2018-12-25 20:43:47,400 ERROR [com.e2e.dc.service.impl.SendEventImpl] - Connect Failed",1+,2
53796,"E2E:2018-12-25 20:43:38,532 ERROR [com.e2e.dc.service.impl.SendEventImpl] - Connect Failed",1+,2
53797,"E2E:2018-12-25 20:43:40,310 ERROR [com.e2e.dc.service.impl.SendEventImpl] - Connect Failed",1+,2
53798,"E2E:2018-12-25 20:44:14,035 ERROR [com.e2e.dc.service.impl.SendEventImpl] - Connect Failed",1+,2
53799,"E2E:2018-12-25 20:43:55,700 ERROR [com.e2e.dc.service.impl.SendEventImpl] - Connect Failed",1+,2
53800,"E2E:2018-12-25 20:44:25,702 ERROR [com.e2e.dc.service.impl.SendEventImpl] - Connect Failed",1+,2
53801,"E2E:2018-12-25 20:45:10,133 ERROR [com.e2e.dc.service.impl.SendEventImpl] - Connect Failed",1+,2
53802,"E2E:2018-12-25 20:44:17,401 ERROR [com.e2e.dc.service.impl.SendEventImpl] - Connect Failed",1+,2
53803,"E2E:2018-12-25 20:44:38,535 ERROR [com.e2e.dc.service.impl.SendEventImpl] - Connect Failed",1+,2
53804,"E2E:2018-12-25 20:44:17,394 ERROR [com.e2e.dc.service.impl.SendEventImpl] - Connect Failed",1+,2
53805,"E2E:2018-12-25 20:44:10,312 ERROR [com.e2e.dc.service.impl.SendEventImpl] - Connect Failed",1+,2
53806,"E2E:2018-12-25 20:45:17,396 ERROR [com.e2e.dc.service.impl.SendEventImpl] - Connect Failed",1+,2
53807,"E2E:2018-12-25 20:45:08,536 ERROR [com.e2e.dc.service.impl.SendEventImpl] - Connect Failed",1+,2
53808,"E2E:2018-12-25 20:41:47,394 ERROR [com.e2e.dc.service.impl.SendEventImpl] - Connect Failed",1+,2
53809,"E2E:2018-12-25 20:41:40,305 ERROR [com.e2e.dc.service.impl.SendEventImpl] - Connect Failed",1+,2
53810,"E2E:2018-12-25 20:42:17,396 ERROR [com.e2e.dc.service.impl.SendEventImpl] - Connect Failed",1+,2
53811,"E2E:2018-12-25 20:42:47,397 ERROR [com.e2e.dc.service.impl.SendEventImpl] - Connect Failed",1+,2
53812,"E2E:2018-12-25 20:42:47,390 ERROR [com.e2e.dc.service.impl.SendEventImpl] - Connect Failed",1+,2
53813,"E2E:2018-12-25 20:41:55,694 ERROR [com.e2e.dc.service.impl.SendEventImpl] - Connect Failed",1+,2
53814,"E2E:2018-12-25 20:43:14,033 ERROR [com.e2e.dc.service.impl.SendEventImpl] - Connect Failed",1+,2
53815,"E2E:2018-12-25 20:43:08,530 ERROR [com.e2e.dc.service.impl.SendEventImpl] - Connect Failed",1+,2
53816,"E2E:2018-12-25 20:42:44,031 ERROR [com.e2e.dc.service.impl.SendEventImpl] - Connect Failed",1+,2
53817,"E2E:2018-12-25 20:41:40,124 ERROR [com.e2e.dc.service.impl.SendEventImpl] - Connect Failed",1+,2
53818,"E2E:2018-12-25 20:42:42,334 ERROR [com.e2e.dc.service.impl.SendEventImpl] - Connect Failed",1+,2
53819,"E2E:2018-12-25 20:41:42,330 ERROR [com.e2e.dc.service.impl.SendEventImpl] - Connect Failed",1+,2
53820,"E2E:2018-12-25 20:42:38,529 ERROR [com.e2e.dc.service.impl.SendEventImpl] - Connect Failed",1+,2
53821,"E2E:2018-12-25 20:41:38,526 ERROR [com.e2e.dc.service.impl.SendEventImpl] - Connect Failed",1+,2
53822,"E2E:2018-12-25 20:42:25,696 ERROR [com.e2e.dc.service.impl.SendEventImpl] - Connect Failed",1+,2
53823,"E2E:2018-12-25 20:42:08,528 ERROR [com.e2e.dc.service.impl.SendEventImpl] - Connect Failed",1+,2
53824,"E2E:2018-12-25 20:42:10,125 ERROR [com.e2e.dc.service.impl.SendEventImpl] - Connect Failed",1+,2
53825,"E2E:2018-12-25 20:42:17,389 ERROR [com.e2e.dc.service.impl.SendEventImpl] - Connect Failed",1+,2
53826,"E2E:2018-12-25 20:43:17,391 ERROR [com.e2e.dc.service.impl.SendEventImpl] - Connect Failed",1+,2
53827,"E2E:2018-12-25 20:41:25,692 ERROR [com.e2e.dc.service.impl.SendEventImpl] - Connect Failed",1+,2
53828,"E2E:2018-12-25 20:43:17,398 ERROR [com.e2e.dc.service.impl.SendEventImpl] - Connect Failed",1+,2
53829,"E2E:2018-12-25 20:42:12,332 ERROR [com.e2e.dc.service.impl.SendEventImpl] - Connect Failed",1+,2
53830,"E2E:2018-12-25 20:42:14,030 ERROR [com.e2e.dc.service.impl.SendEventImpl] - Connect Failed",1+,2
53831,"E2E:2018-12-25 20:43:12,336 ERROR [com.e2e.dc.service.impl.SendEventImpl] - Connect Failed",1+,2
53832,"E2E:2018-12-25 20:41:44,028 ERROR [com.e2e.dc.service.impl.SendEventImpl] - Connect Failed",1+,2
53833,"E2E:2018-12-25 20:41:47,387 ERROR [com.e2e.dc.service.impl.SendEventImpl] - Connect Failed",1+,2
53834,"E2E:2018-12-25 20:42:10,306 ERROR [com.e2e.dc.service.impl.SendEventImpl] - Connect Failed",1+,2
53835,"E2E:2018-12-25 20:42:40,308 ERROR [com.e2e.dc.service.impl.SendEventImpl] - Connect Failed",1+,2
53836,"E2E:2018-12-25 20:42:40,127 ERROR [com.e2e.dc.service.impl.SendEventImpl] - Connect Failed",1+,2
53837,"E2E:2018-12-25 20:42:55,697 ERROR [com.e2e.dc.service.impl.SendEventImpl] - Connect Failed",1+,2
53838,"E2E:2018-12-25 20:43:10,309 ERROR [com.e2e.dc.service.impl.SendEventImpl] - Connect Failed",1+,2
53839,"E2E:2018-12-25 20:43:10,128 ERROR [com.e2e.dc.service.impl.SendEventImpl] - Connect Failed",1+,2
53840,"E2E:2018-12-25 20:39:38,521 ERROR [com.e2e.dc.service.impl.SendEventImpl] - Connect Failed",1+,2
53841,"E2E:2018-12-25 20:40:44,025 ERROR [com.e2e.dc.service.impl.SendEventImpl] - Connect Failed",1+,2
53842,"E2E:2018-12-25 20:41:10,122 ERROR [com.e2e.dc.service.impl.SendEventImpl] - Connect Failed",1+,2
53843,"E2E:2018-12-25 20:40:55,691 ERROR [com.e2e.dc.service.impl.SendEventImpl] - Connect Failed",1+,2
53844,"E2E:2018-12-25 20:41:14,027 ERROR [com.e2e.dc.service.impl.SendEventImpl] - Connect Failed",1+,2
53845,"E2E:2018-12-25 20:39:44,023 ERROR [com.e2e.dc.service.impl.SendEventImpl] - Connect Failed",1+,2
53846,"E2E:2018-12-25 20:39:47,382 ERROR [com.e2e.dc.service.impl.SendEventImpl] - Connect Failed",1+,2
53847,"E2E:2018-12-25 20:41:12,329 ERROR [com.e2e.dc.service.impl.SendEventImpl] - Connect Failed",1+,2
53848,"E2E:2018-12-25 20:41:10,304 ERROR [com.e2e.dc.service.impl.SendEventImpl] - Connect Failed",1+,2
53849,"E2E:2018-12-25 20:40:42,327 ERROR [com.e2e.dc.service.impl.SendEventImpl] - Connect Failed",1+,2
53850,"E2E:2018-12-25 20:39:40,300 ERROR [com.e2e.dc.service.impl.SendEventImpl] - Connect Failed",1+,2
53851,"E2E:2018-12-25 20:41:17,393 ERROR [com.e2e.dc.service.impl.SendEventImpl] - Connect Failed",1+,2
53852,"E2E:2018-12-25 20:40:12,325 ERROR [com.e2e.dc.service.impl.SendEventImpl] - Connect Failed",1+,2
53853,"E2E:2018-12-25 20:39:55,688 ERROR [com.e2e.dc.service.impl.SendEventImpl] - Connect Failed",1+,2
53854,"E2E:2018-12-25 20:39:40,119 ERROR [com.e2e.dc.service.impl.SendEventImpl] - Connect Failed",1+,2
53855,"E2E:2018-12-25 20:40:47,391 ERROR [com.e2e.dc.service.impl.SendEventImpl] - Connect Failed",1+,2
53856,"E2E:2018-12-25 20:39:47,387 ERROR [com.e2e.dc.service.impl.SendEventImpl] - Connect Failed",1+,2
53857,"E2E:2018-12-25 20:40:17,390 ERROR [com.e2e.dc.service.impl.SendEventImpl] - Connect Failed",1+,2
53858,"E2E:2018-12-25 20:40:10,301 ERROR [com.e2e.dc.service.impl.SendEventImpl] - Connect Failed",1+,2
53859,"E2E:2018-12-25 20:41:08,525 ERROR [com.e2e.dc.service.impl.SendEventImpl] - Connect Failed",1+,2
53860,"E2E:2018-12-25 20:39:25,686 ERROR [com.e2e.dc.service.impl.SendEventImpl] - Connect Failed",1+,2
53861,"E2E:2018-12-25 20:40:47,385 ERROR [com.e2e.dc.service.impl.SendEventImpl] - Connect Failed",1+,2
53862,"E2E:2018-12-25 20:40:38,523 ERROR [com.e2e.dc.service.impl.SendEventImpl] - Connect Failed",1+,2
53863,"E2E:2018-12-25 20:40:40,121 ERROR [com.e2e.dc.service.impl.SendEventImpl] - Connect Failed",1+,2
53864,"E2E:2018-12-25 20:40:08,522 ERROR [com.e2e.dc.service.impl.SendEventImpl] - Connect Failed",1+,2
53865,"E2E:2018-12-25 20:40:40,302 ERROR [com.e2e.dc.service.impl.SendEventImpl] - Connect Failed",1+,2
53866,"E2E:2018-12-25 20:39:42,324 ERROR [com.e2e.dc.service.impl.SendEventImpl] - Connect Failed",1+,2
53867,"E2E:2018-12-25 20:40:25,690 ERROR [com.e2e.dc.service.impl.SendEventImpl] - Connect Failed",1+,2
53868,"E2E:2018-12-25 20:40:14,024 ERROR [com.e2e.dc.service.impl.SendEventImpl] - Connect Failed",1+,2
53869,"E2E:2018-12-25 20:40:17,384 ERROR [com.e2e.dc.service.impl.SendEventImpl] - Connect Failed",1+,2
53870,"E2E:2018-12-25 20:40:10,120 ERROR [com.e2e.dc.service.impl.SendEventImpl] - Connect Failed",1+,2
53871,"E2E:2018-12-25 20:41:17,386 ERROR [com.e2e.dc.service.impl.SendEventImpl] - Connect Failed",1+,2
53872,"E2E:2018-12-25 20:37:40,295 ERROR [com.e2e.dc.service.impl.SendEventImpl] - Connect Failed",1+,2
53873,"E2E:2018-12-25 20:38:44,020 ERROR [com.e2e.dc.service.impl.SendEventImpl] - Connect Failed",1+,2
53874,"E2E:2018-12-25 20:39:10,117 ERROR [com.e2e.dc.service.impl.SendEventImpl] - Connect Failed",1+,2
53875,"E2E:2018-12-25 20:38:17,378 ERROR [com.e2e.dc.service.impl.SendEventImpl] - Connect Failed",1+,2
53876,"E2E:2018-12-25 20:38:14,018 ERROR [com.e2e.dc.service.impl.SendEventImpl] - Connect Failed",1+,2
53877,"E2E:2018-12-25 20:39:08,520 ERROR [com.e2e.dc.service.impl.SendEventImpl] - Connect Failed",1+,2
53878,"E2E:2018-12-25 20:39:14,021 ERROR [com.e2e.dc.service.impl.SendEventImpl] - Connect Failed",1+,2
53879,"E2E:2018-12-25 20:37:44,017 ERROR [com.e2e.dc.service.impl.SendEventImpl] - Connect Failed",1+,2
53880,"E2E:2018-12-25 20:38:47,380 ERROR [com.e2e.dc.service.impl.SendEventImpl] - Connect Failed",1+,2
53881,"E2E:2018-12-25 20:38:40,116 ERROR [com.e2e.dc.service.impl.SendEventImpl] - Connect Failed",1+,2
53882,"E2E:2018-12-25 20:37:47,381 ERROR [com.e2e.dc.service.impl.SendEventImpl] - Connect Failed",1+,2
53883,"E2E:2018-12-25 20:37:55,681 ERROR [com.e2e.dc.service.impl.SendEventImpl] - Connect Failed",1+,2
53884,"E2E:2018-12-25 20:37:25,680 ERROR [com.e2e.dc.service.impl.SendEventImpl] - Connect Failed",1+,2
53885,"E2E:2018-12-25 20:38:40,297 ERROR [com.e2e.dc.service.impl.SendEventImpl] - Connect Failed",1+,2
53886,"E2E:2018-12-25 20:38:08,516 ERROR [com.e2e.dc.service.impl.SendEventImpl] - Connect Failed",1+,2
53887,"E2E:2018-12-25 20:38:55,685 ERROR [com.e2e.dc.service.impl.SendEventImpl] - Connect Failed",1+,2
53888,"E2E:2018-12-25 20:38:17,382 ERROR [com.e2e.dc.service.impl.SendEventImpl] - Connect Failed",1+,2
53889,"E2E:2018-12-25 20:37:40,113 ERROR [com.e2e.dc.service.impl.SendEventImpl] - Connect Failed",1+,2
53890,"E2E:2018-12-25 20:38:42,320 ERROR [com.e2e.dc.service.impl.SendEventImpl] - Connect Failed",1+,2
53891,"E2E:2018-12-25 20:38:10,296 ERROR [com.e2e.dc.service.impl.SendEventImpl] - Connect Failed",1+,2
53892,"E2E:2018-12-25 20:37:38,515 ERROR [com.e2e.dc.service.impl.SendEventImpl] - Connect Failed",1+,2
53893,"E2E:2018-12-25 20:39:10,299 ERROR [com.e2e.dc.service.impl.SendEventImpl] - Connect Failed",1+,2
53894,"E2E:2018-12-25 20:38:38,518 ERROR [com.e2e.dc.service.impl.SendEventImpl] - Connect Failed",1+,2
53895,"E2E:2018-12-25 20:39:17,386 ERROR [com.e2e.dc.service.impl.SendEventImpl] - Connect Failed",1+,2
53896,"E2E:2018-12-25 20:38:25,683 ERROR [com.e2e.dc.service.impl.SendEventImpl] - Connect Failed",1+,2
53897,"E2E:2018-12-25 20:39:17,381 ERROR [com.e2e.dc.service.impl.SendEventImpl] - Connect Failed",1+,2
53898,"E2E:2018-12-25 20:39:12,322 ERROR [com.e2e.dc.service.impl.SendEventImpl] - Connect Failed",1+,2
53899,"E2E:2018-12-25 20:37:42,317 ERROR [com.e2e.dc.service.impl.SendEventImpl] - Connect Failed",1+,2
53900,"E2E:2018-12-25 20:37:47,377 ERROR [com.e2e.dc.service.impl.SendEventImpl] - Connect Failed",1+,2
53901,"E2E:2018-12-25 20:38:12,318 ERROR [com.e2e.dc.service.impl.SendEventImpl] - Connect Failed",1+,2
53902,"E2E:2018-12-25 20:38:10,115 ERROR [com.e2e.dc.service.impl.SendEventImpl] - Connect Failed",1+,2
53903,"E2E:2018-12-25 20:38:47,384 ERROR [com.e2e.dc.service.impl.SendEventImpl] - Connect Failed",1+,2
53904,"E2E:2018-12-25 20:35:38,508 ERROR [com.e2e.dc.service.impl.SendEventImpl] - Connect Failed",1+,2
53905,"E2E:2018-12-25 20:37:08,513 ERROR [com.e2e.dc.service.impl.SendEventImpl] - Connect Failed",1+,2
53906,"E2E:2018-12-25 20:35:40,108 ERROR [com.e2e.dc.service.impl.SendEventImpl] - Connect Failed",1+,2
53907,"E2E:2018-12-25 20:36:25,677 ERROR [com.e2e.dc.service.impl.SendEventImpl] - Connect Failed",1+,2
53908,"E2E:2018-12-25 20:35:44,011 ERROR [com.e2e.dc.service.impl.SendEventImpl] - Connect Failed",1+,2
53909,"E2E:2018-12-25 20:37:17,376 ERROR [com.e2e.dc.service.impl.SendEventImpl] - Connect Failed",1+,2
53910,"E2E:2018-12-25 20:36:40,292 ERROR [com.e2e.dc.service.impl.SendEventImpl] - Connect Failed",1+,2
53911,"E2E:2018-12-25 20:37:14,016 ERROR [com.e2e.dc.service.impl.SendEventImpl] - Connect Failed",1+,2
53912,"E2E:2018-12-25 20:36:10,109 ERROR [com.e2e.dc.service.impl.SendEventImpl] - Connect Failed",1+,2
53913,"E2E:2018-12-25 20:35:55,676 ERROR [com.e2e.dc.service.impl.SendEventImpl] - Connect Failed",1+,2
53914,"E2E:2018-12-25 20:36:47,378 ERROR [com.e2e.dc.service.impl.SendEventImpl] - Connect Failed",1+,2
53915,"E2E:2018-12-25 20:36:14,013 ERROR [com.e2e.dc.service.impl.SendEventImpl] - Connect Failed",1+,2
53916,"E2E:2018-12-25 20:36:42,313 ERROR [com.e2e.dc.service.impl.SendEventImpl] - Connect Failed",1+,2
53917,"E2E:2018-12-25 20:36:44,014 ERROR [com.e2e.dc.service.impl.SendEventImpl] - Connect Failed",1+,2
53918,"E2E:2018-12-25 20:37:10,294 ERROR [com.e2e.dc.service.impl.SendEventImpl] - Connect Failed",1+,2
53919,"E2E:2018-12-25 20:36:17,377 ERROR [com.e2e.dc.service.impl.SendEventImpl] - Connect Failed",1+,2
53920,"E2E:2018-12-25 20:37:12,315 ERROR [com.e2e.dc.service.impl.SendEventImpl] - Connect Failed",1+,2
53921,"E2E:2018-12-25 20:36:47,375 ERROR [com.e2e.dc.service.impl.SendEventImpl] - Connect Failed",1+,2
53922,"E2E:2018-12-25 20:36:17,373 ERROR [com.e2e.dc.service.impl.SendEventImpl] - Connect Failed",1+,2
53923,"E2E:2018-12-25 20:36:12,311 ERROR [com.e2e.dc.service.impl.SendEventImpl] - Connect Failed",1+,2
53924,"E2E:2018-12-25 20:35:25,674 ERROR [com.e2e.dc.service.impl.SendEventImpl] - Connect Failed",1+,2
53925,"E2E:2018-12-25 20:36:08,509 ERROR [com.e2e.dc.service.impl.SendEventImpl] - Connect Failed",1+,2
53926,"E2E:2018-12-25 20:35:47,372 ERROR [com.e2e.dc.service.impl.SendEventImpl] - Connect Failed",1+,2
53927,"E2E:2018-12-25 20:36:38,511 ERROR [com.e2e.dc.service.impl.SendEventImpl] - Connect Failed",1+,2
53928,"E2E:2018-12-25 20:35:47,375 ERROR [com.e2e.dc.service.impl.SendEventImpl] - Connect Failed",1+,2
53929,"E2E:2018-12-25 20:35:40,289 ERROR [com.e2e.dc.service.impl.SendEventImpl] - Connect Failed",1+,2
53930,"E2E:2018-12-25 20:36:55,679 ERROR [com.e2e.dc.service.impl.SendEventImpl] - Connect Failed",1+,2
53931,"E2E:2018-12-25 20:36:10,291 ERROR [com.e2e.dc.service.impl.SendEventImpl] - Connect Failed",1+,2
53932,"E2E:2018-12-25 20:35:42,310 ERROR [com.e2e.dc.service.impl.SendEventImpl] - Connect Failed",1+,2
53933,"E2E:2018-12-25 20:37:17,380 ERROR [com.e2e.dc.service.impl.SendEventImpl] - Connect Failed",1+,2
53934,"E2E:2018-12-25 20:36:40,111 ERROR [com.e2e.dc.service.impl.SendEventImpl] - Connect Failed",1+,2
53935,"E2E:2018-12-25 20:37:10,112 ERROR [com.e2e.dc.service.impl.SendEventImpl] - Connect Failed",1+,2
53936,"E2E:2018-12-25 20:34:38,505 ERROR [com.e2e.dc.service.impl.SendEventImpl] - Connect Failed",1+,2
53937,"E2E:2018-12-25 20:34:08,497 ERROR [com.e2e.dc.service.impl.SendEventImpl] - Connect Failed",1+,2
53938,"E2E:2018-12-25 20:34:47,370 ERROR [com.e2e.dc.service.impl.SendEventImpl] - Connect Failed",1+,2
53939,"E2E:2018-12-25 20:35:10,288 ERROR [com.e2e.dc.service.impl.SendEventImpl] - Connect Failed",1+,2
53940,"E2E:2018-12-25 20:33:38,493 ERROR [com.e2e.dc.service.impl.SendEventImpl] - Connect Failed",1+,2
53941,"E2E:2018-12-25 20:33:40,284 ERROR [com.e2e.dc.service.impl.SendEventImpl] - Connect Failed",1+,2
53942,"E2E:2018-12-25 20:34:44,009 ERROR [com.e2e.dc.service.impl.SendEventImpl] - Connect Failed",1+,2
53943,"E2E:2018-12-25 20:34:25,671 ERROR [com.e2e.dc.service.impl.SendEventImpl] - Connect Failed",1+,2
53944,"E2E:2018-12-25 20:35:14,010 ERROR [com.e2e.dc.service.impl.SendEventImpl] - Connect Failed",1+,2
53945,"E2E:2018-12-25 20:33:25,668 ERROR [com.e2e.dc.service.impl.SendEventImpl] - Connect Failed",1+,2
53946,"E2E:2018-12-25 20:35:10,107 ERROR [com.e2e.dc.service.impl.SendEventImpl] - Connect Failed",1+,2
53947,"E2E:2018-12-25 20:34:10,104 ERROR [com.e2e.dc.service.impl.SendEventImpl] - Connect Failed",1+,2
53948,"E2E:2018-12-25 20:33:44,006 ERROR [com.e2e.dc.service.impl.SendEventImpl] - Connect Failed",1+,2
53949,"E2E:2018-12-25 20:34:47,372 ERROR [com.e2e.dc.service.impl.SendEventImpl] - Connect Failed",1+,2
53950,"E2E:2018-12-25 20:34:17,368 ERROR [com.e2e.dc.service.impl.SendEventImpl] - Connect Failed",1+,2
53951,"E2E:2018-12-25 20:33:42,303 ERROR [com.e2e.dc.service.impl.SendEventImpl] - Connect Failed",1+,2
53952,"E2E:2018-12-25 20:33:47,369 ERROR [com.e2e.dc.service.impl.SendEventImpl] - Connect Failed",1+,2
53953,"E2E:2018-12-25 20:34:17,371 ERROR [com.e2e.dc.service.impl.SendEventImpl] - Connect Failed",1+,2
53954,"E2E:2018-12-25 20:33:40,102 ERROR [com.e2e.dc.service.impl.SendEventImpl] - Connect Failed",1+,2
53955,"E2E:2018-12-25 20:35:17,371 ERROR [com.e2e.dc.service.impl.SendEventImpl] - Connect Failed",1+,2
53956,"E2E:2018-12-25 20:33:47,367 ERROR [com.e2e.dc.service.impl.SendEventImpl] - Connect Failed",1+,2
53957,"E2E:2018-12-25 20:35:17,374 ERROR [com.e2e.dc.service.impl.SendEventImpl] - Connect Failed",1+,2
53958,"E2E:2018-12-25 20:34:40,287 ERROR [com.e2e.dc.service.impl.SendEventImpl] - Connect Failed",1+,2
53959,"E2E:2018-12-25 20:34:10,286 ERROR [com.e2e.dc.service.impl.SendEventImpl] - Connect Failed",1+,2
53960,"E2E:2018-12-25 20:35:08,507 ERROR [com.e2e.dc.service.impl.SendEventImpl] - Connect Failed",1+,2
53961,"E2E:2018-12-25 20:33:55,670 ERROR [com.e2e.dc.service.impl.SendEventImpl] - Connect Failed",1+,2
53962,"E2E:2018-12-25 20:34:55,673 ERROR [com.e2e.dc.service.impl.SendEventImpl] - Connect Failed",1+,2
53963,"E2E:2018-12-25 20:34:12,305 ERROR [com.e2e.dc.service.impl.SendEventImpl] - Connect Failed",1+,2
53964,"E2E:2018-12-25 20:34:42,306 ERROR [com.e2e.dc.service.impl.SendEventImpl] - Connect Failed",1+,2
53965,"E2E:2018-12-25 20:34:40,105 ERROR [com.e2e.dc.service.impl.SendEventImpl] - Connect Failed",1+,2
53966,"E2E:2018-12-25 20:34:14,008 ERROR [com.e2e.dc.service.impl.SendEventImpl] - Connect Failed",1+,2
53967,"E2E:2018-12-25 20:35:12,308 ERROR [com.e2e.dc.service.impl.SendEventImpl] - Connect Failed",1+,2
53968,"E2E:2018-12-25 20:32:40,100 ERROR [com.e2e.dc.service.impl.SendEventImpl] - Connect Failed",1+,2
53969,"E2E:2018-12-25 20:32:47,365 ERROR [com.e2e.dc.service.impl.SendEventImpl] - Connect Failed",1+,2
53970,"E2E:2018-12-25 20:31:25,662 ERROR [com.e2e.dc.service.impl.SendEventImpl] - Connect Failed",1+,2
53971,"E2E:2018-12-25 20:32:12,298 ERROR [com.e2e.dc.service.impl.SendEventImpl] - Connect Failed",1+,2
53972,"E2E:2018-12-25 20:32:17,363 ERROR [com.e2e.dc.service.impl.SendEventImpl] - Connect Failed",1+,2
53973,"E2E:2018-12-25 20:32:17,365 ERROR [com.e2e.dc.service.impl.SendEventImpl] - Connect Failed",1+,2
53974,"E2E:2018-12-25 20:32:10,280 ERROR [com.e2e.dc.service.impl.SendEventImpl] - Connect Failed",1+,2
53975,"E2E:2018-12-25 20:31:38,482 ERROR [com.e2e.dc.service.impl.SendEventImpl] - Connect Failed",1+,2
53976,"E2E:2018-12-25 20:31:47,364 ERROR [com.e2e.dc.service.impl.SendEventImpl] - Connect Failed",1+,2
53977,"E2E:2018-12-25 20:33:08,491 ERROR [com.e2e.dc.service.impl.SendEventImpl] - Connect Failed",1+,2
53978,"E2E:2018-12-25 20:33:10,283 ERROR [com.e2e.dc.service.impl.SendEventImpl] - Connect Failed",1+,2
53979,"E2E:2018-12-25 20:33:17,366 ERROR [com.e2e.dc.service.impl.SendEventImpl] - Connect Failed",1+,2
53980,"E2E:2018-12-25 20:33:17,368 ERROR [com.e2e.dc.service.impl.SendEventImpl] - Connect Failed",1+,2
53981,"E2E:2018-12-25 20:31:40,097 ERROR [com.e2e.dc.service.impl.SendEventImpl] - Connect Failed",1+,2
53982,"E2E:2018-12-25 20:31:47,362 ERROR [com.e2e.dc.service.impl.SendEventImpl] - Connect Failed",1+,2
53983,"E2E:2018-12-25 20:32:08,483 ERROR [com.e2e.dc.service.impl.SendEventImpl] - Connect Failed",1+,2
53984,"E2E:2018-12-25 20:31:42,296 ERROR [com.e2e.dc.service.impl.SendEventImpl] - Connect Failed",1+,2
53985,"E2E:2018-12-25 20:32:10,098 ERROR [com.e2e.dc.service.impl.SendEventImpl] - Connect Failed",1+,2
53986,"E2E:2018-12-25 20:32:40,281 ERROR [com.e2e.dc.service.impl.SendEventImpl] - Connect Failed",1+,2
53987,"E2E:2018-12-25 20:31:55,664 ERROR [com.e2e.dc.service.impl.SendEventImpl] - Connect Failed",1+,2
53988,"E2E:2018-12-25 20:33:14,005 ERROR [com.e2e.dc.service.impl.SendEventImpl] - Connect Failed",1+,2
53989,"E2E:2018-12-25 20:31:40,279 ERROR [com.e2e.dc.service.impl.SendEventImpl] - Connect Failed",1+,2
53990,"E2E:2018-12-25 20:32:42,300 ERROR [com.e2e.dc.service.impl.SendEventImpl] - Connect Failed",1+,2
53991,"E2E:2018-12-25 20:32:14,001 ERROR [com.e2e.dc.service.impl.SendEventImpl] - Connect Failed",1+,2
53992,"E2E:2018-12-25 20:33:10,101 ERROR [com.e2e.dc.service.impl.SendEventImpl] - Connect Failed",1+,2
53993,"E2E:2018-12-25 20:32:47,367 ERROR [com.e2e.dc.service.impl.SendEventImpl] - Connect Failed",1+,2
53994,"E2E:2018-12-25 20:32:55,667 ERROR [com.e2e.dc.service.impl.SendEventImpl] - Connect Failed",1+,2
53995,"E2E:2018-12-25 20:33:12,301 ERROR [com.e2e.dc.service.impl.SendEventImpl] - Connect Failed",1+,2
53996,"E2E:2018-12-25 20:32:25,665 ERROR [com.e2e.dc.service.impl.SendEventImpl] - Connect Failed",1+,2
53997,"E2E:2018-12-25 20:32:38,485 ERROR [com.e2e.dc.service.impl.SendEventImpl] - Connect Failed",1+,2
53998,"E2E:2018-12-25 20:31:44,000 ERROR [com.e2e.dc.service.impl.SendEventImpl] - Connect Failed",1+,2
53999,"E2E:2018-12-25 20:32:44,003 ERROR [com.e2e.dc.service.impl.SendEventImpl] - Connect Failed",1+,2
54000,"E2E:2018-12-25 20:29:38,476 ERROR [com.e2e.dc.service.impl.SendEventImpl] - Connect Failed",1+,2
54001,"E2E:2018-12-25 20:29:47,357 ERROR [com.e2e.dc.service.impl.SendEventImpl] - Connect Failed",1+,2
54002,"E2E:2018-12-25 20:29:43,994 ERROR [com.e2e.dc.service.impl.SendEventImpl] - Connect Failed",1+,2
54003,"E2E:2018-12-25 20:30:13,995 ERROR [com.e2e.dc.service.impl.SendEventImpl] - Connect Failed",1+,2
54004,"E2E:2018-12-25 20:30:17,358 ERROR [com.e2e.dc.service.impl.SendEventImpl] - Connect Failed",1+,2
54005,"E2E:2018-12-25 20:29:25,656 ERROR [com.e2e.dc.service.impl.SendEventImpl] - Connect Failed",1+,2
54006,"E2E:2018-12-25 20:30:38,479 ERROR [com.e2e.dc.service.impl.SendEventImpl] - Connect Failed",1+,2
54007,"E2E:2018-12-25 20:29:42,288 ERROR [com.e2e.dc.service.impl.SendEventImpl] - Connect Failed",1+,2
54008,"E2E:2018-12-25 20:30:12,290 ERROR [com.e2e.dc.service.impl.SendEventImpl] - Connect Failed",1+,2
54009,"E2E:2018-12-25 20:29:55,658 ERROR [com.e2e.dc.service.impl.SendEventImpl] - Connect Failed",1+,2
54010,"E2E:2018-12-25 20:30:42,293 ERROR [com.e2e.dc.service.impl.SendEventImpl] - Connect Failed",1+,2
54011,"E2E:2018-12-25 20:30:43,997 ERROR [com.e2e.dc.service.impl.SendEventImpl] - Connect Failed",1+,2
54012,"E2E:2018-12-25 20:31:13,998 ERROR [com.e2e.dc.service.impl.SendEventImpl] - Connect Failed",1+,2
54013,"E2E:2018-12-25 20:30:47,360 ERROR [com.e2e.dc.service.impl.SendEventImpl] - Connect Failed",1+,2
54014,"E2E:2018-12-25 20:30:10,275 ERROR [com.e2e.dc.service.impl.SendEventImpl] - Connect Failed",1+,2
54015,"E2E:2018-12-25 20:30:08,478 ERROR [com.e2e.dc.service.impl.SendEventImpl] - Connect Failed",1+,2
54016,"E2E:2018-12-25 20:31:17,362 ERROR [com.e2e.dc.service.impl.SendEventImpl] - Connect Failed",1+,2
54017,"E2E:2018-12-25 20:31:12,294 ERROR [com.e2e.dc.service.impl.SendEventImpl] - Connect Failed",1+,2
54018,"E2E:2018-12-25 20:30:25,659 ERROR [com.e2e.dc.service.impl.SendEventImpl] - Connect Failed",1+,2
54019,"E2E:2018-12-25 20:29:47,357 ERROR [com.e2e.dc.service.impl.SendEventImpl] - Connect Failed",1+,2
54020,"E2E:2018-12-25 20:30:47,361 ERROR [com.e2e.dc.service.impl.SendEventImpl] - Connect Failed",1+,2
54021,"E2E:2018-12-25 20:29:40,274 ERROR [com.e2e.dc.service.impl.SendEventImpl] - Connect Failed",1+,2
54022,"E2E:2018-12-25 20:30:55,661 ERROR [com.e2e.dc.service.impl.SendEventImpl] - Connect Failed",1+,2
54023,"E2E:2018-12-25 20:31:10,096 ERROR [com.e2e.dc.service.impl.SendEventImpl] - Connect Failed",1+,2
54024,"E2E:2018-12-25 20:29:40,092 ERROR [com.e2e.dc.service.impl.SendEventImpl] - Connect Failed",1+,2
54025,"E2E:2018-12-25 20:30:40,095 ERROR [com.e2e.dc.service.impl.SendEventImpl] - Connect Failed",1+,2
54026,"E2E:2018-12-25 20:31:17,361 ERROR [com.e2e.dc.service.impl.SendEventImpl] - Connect Failed",1+,2
54027,"E2E:2018-12-25 20:31:08,480 ERROR [com.e2e.dc.service.impl.SendEventImpl] - Connect Failed",1+,2
54028,"E2E:2018-12-25 20:30:40,276 ERROR [com.e2e.dc.service.impl.SendEventImpl] - Connect Failed",1+,2
54029,"E2E:2018-12-25 20:30:17,359 ERROR [com.e2e.dc.service.impl.SendEventImpl] - Connect Failed",1+,2
54030,"E2E:2018-12-25 20:30:10,093 ERROR [com.e2e.dc.service.impl.SendEventImpl] - Connect Failed",1+,2
54031,"E2E:2018-12-25 20:31:10,278 ERROR [com.e2e.dc.service.impl.SendEventImpl] - Connect Failed",1+,2
54032,"E2E:2018-12-25 20:28:47,354 ERROR [com.e2e.dc.service.impl.SendEventImpl] - Connect Failed",1+,2
54033,"E2E:2018-12-25 20:28:13,990 ERROR [com.e2e.dc.service.impl.SendEventImpl] - Connect Failed",1+,2
54034,"E2E:2018-12-25 20:29:13,992 ERROR [com.e2e.dc.service.impl.SendEventImpl] - Connect Failed",1+,2
54035,"E2E:2018-12-25 20:28:42,285 ERROR [com.e2e.dc.service.impl.SendEventImpl] - Connect Failed",1+,2
54036,"E2E:2018-12-25 20:29:12,287 ERROR [com.e2e.dc.service.impl.SendEventImpl] - Connect Failed",1+,2
54037,"E2E:2018-12-25 20:28:08,464 ERROR [com.e2e.dc.service.impl.SendEventImpl] - Connect Failed",1+,2
54038,"E2E:2018-12-25 20:28:17,352 ERROR [com.e2e.dc.service.impl.SendEventImpl] - Connect Failed",1+,2
54039,"E2E:2018-12-25 20:27:47,351 ERROR [com.e2e.dc.service.impl.SendEventImpl] - Connect Failed",1+,2
54040,"E2E:2018-12-25 20:28:17,351 ERROR [com.e2e.dc.service.impl.SendEventImpl] - Connect Failed",1+,2
54041,"E2E:2018-12-25 20:27:55,652 ERROR [com.e2e.dc.service.impl.SendEventImpl] - Connect Failed",1+,2
54042,"E2E:2018-12-25 20:29:10,091 ERROR [com.e2e.dc.service.impl.SendEventImpl] - Connect Failed",1+,2
54043,"E2E:2018-12-25 20:28:47,353 ERROR [com.e2e.dc.service.impl.SendEventImpl] - Connect Failed",1+,2
54044,"E2E:2018-12-25 20:29:17,355 ERROR [com.e2e.dc.service.impl.SendEventImpl] - Connect Failed",1+,2
54045,"E2E:2018-12-25 20:27:43,988 ERROR [com.e2e.dc.service.impl.SendEventImpl] - Connect Failed",1+,2
54046,"E2E:2018-12-25 20:28:10,088 ERROR [com.e2e.dc.service.impl.SendEventImpl] - Connect Failed",1+,2
54047,"E2E:2018-12-25 20:29:08,469 ERROR [com.e2e.dc.service.impl.SendEventImpl] - Connect Failed",1+,2
54048,"E2E:2018-12-25 20:28:10,268 ERROR [com.e2e.dc.service.impl.SendEventImpl] - Connect Failed",1+,2
54049,"E2E:2018-12-25 20:27:47,349 ERROR [com.e2e.dc.service.impl.SendEventImpl] - Connect Failed",1+,2
54050,"E2E:2018-12-25 20:27:42,281 ERROR [com.e2e.dc.service.impl.SendEventImpl] - Connect Failed",1+,2
54051,"E2E:2018-12-25 20:28:12,283 ERROR [com.e2e.dc.service.impl.SendEventImpl] - Connect Failed",1+,2
54052,"E2E:2018-12-25 20:28:38,467 ERROR [com.e2e.dc.service.impl.SendEventImpl] - Connect Failed",1+,2
54053,"E2E:2018-12-25 20:27:40,087 ERROR [com.e2e.dc.service.impl.SendEventImpl] - Connect Failed",1+,2
54054,"E2E:2018-12-25 20:28:40,090 ERROR [com.e2e.dc.service.impl.SendEventImpl] - Connect Failed",1+,2
54055,"E2E:2018-12-25 20:27:38,463 ERROR [com.e2e.dc.service.impl.SendEventImpl] - Connect Failed",1+,2
54056,"E2E:2018-12-25 20:27:25,650 ERROR [com.e2e.dc.service.impl.SendEventImpl] - Connect Failed",1+,2
54057,"E2E:2018-12-25 20:29:17,355 ERROR [com.e2e.dc.service.impl.SendEventImpl] - Connect Failed",1+,2
54058,"E2E:2018-12-25 20:27:40,267 ERROR [com.e2e.dc.service.impl.SendEventImpl] - Connect Failed",1+,2
54059,"E2E:2018-12-25 20:28:40,271 ERROR [com.e2e.dc.service.impl.SendEventImpl] - Connect Failed",1+,2
54060,"E2E:2018-12-25 20:28:43,991 ERROR [com.e2e.dc.service.impl.SendEventImpl] - Connect Failed",1+,2
54061,"E2E:2018-12-25 20:28:55,655 ERROR [com.e2e.dc.service.impl.SendEventImpl] - Connect Failed",1+,2
54062,"E2E:2018-12-25 20:28:25,653 ERROR [com.e2e.dc.service.impl.SendEventImpl] - Connect Failed",1+,2
54063,"E2E:2018-12-25 20:29:10,272 ERROR [com.e2e.dc.service.impl.SendEventImpl] - Connect Failed",1+,2
54064,"E2E:2018-12-25 20:26:38,459 ERROR [com.e2e.dc.service.impl.SendEventImpl] - Connect Failed",1+,2
54065,"E2E:2018-12-25 20:27:10,265 ERROR [com.e2e.dc.service.impl.SendEventImpl] - Connect Failed",1+,2
54066,"E2E:2018-12-25 20:26:08,457 ERROR [com.e2e.dc.service.impl.SendEventImpl] - Connect Failed",1+,2
54067,"E2E:2018-12-25 20:25:25,644 ERROR [com.e2e.dc.service.impl.SendEventImpl] - Connect Failed",1+,2
54068,"E2E:2018-12-25 20:26:10,263 ERROR [com.e2e.dc.service.impl.SendEventImpl] - Connect Failed",1+,2
54069,"E2E:2018-12-25 20:27:17,350 ERROR [com.e2e.dc.service.impl.SendEventImpl] - Connect Failed",1+,2
54070,"E2E:2018-12-25 20:25:43,983 ERROR [com.e2e.dc.service.impl.SendEventImpl] - Connect Failed",1+,2
54071,"E2E:2018-12-25 20:26:42,277 ERROR [com.e2e.dc.service.impl.SendEventImpl] - Connect Failed",1+,2
54072,"E2E:2018-12-25 20:25:38,456 ERROR [com.e2e.dc.service.impl.SendEventImpl] - Connect Failed",1+,2
54073,"E2E:2018-12-25 20:27:10,086 ERROR [com.e2e.dc.service.impl.SendEventImpl] - Connect Failed",1+,2
54074,"E2E:2018-12-25 20:25:55,646 ERROR [com.e2e.dc.service.impl.SendEventImpl] - Connect Failed",1+,2
54075,"E2E:2018-12-25 20:26:40,264 ERROR [com.e2e.dc.service.impl.SendEventImpl] - Connect Failed",1+,2
54076,"E2E:2018-12-25 20:27:12,279 ERROR [com.e2e.dc.service.impl.SendEventImpl] - Connect Failed",1+,2
54077,"E2E:2018-12-25 20:26:55,649 ERROR [com.e2e.dc.service.impl.SendEventImpl] - Connect Failed",1+,2
54078,"E2E:2018-12-25 20:26:10,083 ERROR [com.e2e.dc.service.impl.SendEventImpl] - Connect Failed",1+,2
54079,"E2E:2018-12-25 20:26:25,647 ERROR [com.e2e.dc.service.impl.SendEventImpl] - Connect Failed",1+,2
54080,"E2E:2018-12-25 20:26:13,984 ERROR [com.e2e.dc.service.impl.SendEventImpl] - Connect Failed",1+,2
54081,"E2E:2018-12-25 20:26:12,276 ERROR [com.e2e.dc.service.impl.SendEventImpl] - Connect Failed",1+,2
54082,"E2E:2018-12-25 20:25:42,274 ERROR [com.e2e.dc.service.impl.SendEventImpl] - Connect Failed",1+,2
54083,"E2E:2018-12-25 20:25:40,082 ERROR [com.e2e.dc.service.impl.SendEventImpl] - Connect Failed",1+,2
54084,"E2E:2018-12-25 20:25:47,346 ERROR [com.e2e.dc.service.impl.SendEventImpl] - Connect Failed",1+,2
54085,"E2E:2018-12-25 20:26:47,349 ERROR [com.e2e.dc.service.impl.SendEventImpl] - Connect Failed",1+,2
54086,"E2E:2018-12-25 20:27:08,460 ERROR [com.e2e.dc.service.impl.SendEventImpl] - Connect Failed",1+,2
54087,"E2E:2018-12-25 20:26:17,348 ERROR [com.e2e.dc.service.impl.SendEventImpl] - Connect Failed",1+,2
54088,"E2E:2018-12-25 20:27:13,987 ERROR [com.e2e.dc.service.impl.SendEventImpl] - Connect Failed",1+,2
54089,"E2E:2018-12-25 20:26:43,986 ERROR [com.e2e.dc.service.impl.SendEventImpl] - Connect Failed",1+,2
54090,"E2E:2018-12-25 20:25:40,261 ERROR [com.e2e.dc.service.impl.SendEventImpl] - Connect Failed",1+,2
54091,"E2E:2018-12-25 20:26:40,084 ERROR [com.e2e.dc.service.impl.SendEventImpl] - Connect Failed",1+,2
54092,"E2E:2018-12-25 20:23:47,341 ERROR [com.e2e.dc.service.impl.SendEventImpl] - Connect Failed",1+,2
54093,"E2E:2018-12-25 20:24:10,257 ERROR [com.e2e.dc.service.impl.SendEventImpl] - Connect Failed",1+,2
54094,"E2E:2018-12-25 20:23:43,977 ERROR [com.e2e.dc.service.impl.SendEventImpl] - Connect Failed",1+,2
54095,"E2E:2018-12-25 20:24:17,343 ERROR [com.e2e.dc.service.impl.SendEventImpl] - Connect Failed",1+,2
54096,"E2E:2018-12-25 20:24:12,269 ERROR [com.e2e.dc.service.impl.SendEventImpl] - Connect Failed",1+,2
54097,"E2E:2018-12-25 20:23:40,256 ERROR [com.e2e.dc.service.impl.SendEventImpl] - Connect Failed",1+,2
54098,"E2E:2018-12-25 20:23:55,640 ERROR [com.e2e.dc.service.impl.SendEventImpl] - Connect Failed",1+,2
54099,"E2E:2018-12-25 20:24:08,451 ERROR [com.e2e.dc.service.impl.SendEventImpl] - Connect Failed",1+,2
54100,"E2E:2018-12-25 20:24:55,643 ERROR [com.e2e.dc.service.impl.SendEventImpl] - Connect Failed",1+,2
54101,"E2E:2018-12-25 20:24:40,258 ERROR [com.e2e.dc.service.impl.SendEventImpl] - Connect Failed",1+,2
54102,"E2E:2018-12-25 20:25:12,272 ERROR [com.e2e.dc.service.impl.SendEventImpl] - Connect Failed",1+,2
54103,"E2E:2018-12-25 20:23:40,077 ERROR [com.e2e.dc.service.impl.SendEventImpl] - Connect Failed",1+,2
54104,"E2E:2018-12-25 20:24:47,344 ERROR [com.e2e.dc.service.impl.SendEventImpl] - Connect Failed",1+,2
54105,"E2E:2018-12-25 20:23:38,450 ERROR [com.e2e.dc.service.impl.SendEventImpl] - Connect Failed",1+,2
54106,"E2E:2018-12-25 20:25:10,080 ERROR [com.e2e.dc.service.impl.SendEventImpl] - Connect Failed",1+,2
54107,"E2E:2018-12-25 20:25:17,345 ERROR [com.e2e.dc.service.impl.SendEventImpl] - Connect Failed",1+,2
54108,"E2E:2018-12-25 20:24:42,271 ERROR [com.e2e.dc.service.impl.SendEventImpl] - Connect Failed",1+,2
54109,"E2E:2018-12-25 20:25:13,981 ERROR [com.e2e.dc.service.impl.SendEventImpl] - Connect Failed",1+,2
54110,"E2E:2018-12-25 20:24:43,980 ERROR [com.e2e.dc.service.impl.SendEventImpl] - Connect Failed",1+,2
54111,"E2E:2018-12-25 20:23:25,638 ERROR [com.e2e.dc.service.impl.SendEventImpl] - Connect Failed",1+,2
54112,"E2E:2018-12-25 20:24:38,453 ERROR [com.e2e.dc.service.impl.SendEventImpl] - Connect Failed",1+,2
54113,"E2E:2018-12-25 20:25:10,260 ERROR [com.e2e.dc.service.impl.SendEventImpl] - Connect Failed",1+,2
54114,"E2E:2018-12-25 20:23:42,267 ERROR [com.e2e.dc.service.impl.SendEventImpl] - Connect Failed",1+,2
54115,"E2E:2018-12-25 20:24:13,978 ERROR [com.e2e.dc.service.impl.SendEventImpl] - Connect Failed",1+,2
54116,"E2E:2018-12-25 20:24:25,641 ERROR [com.e2e.dc.service.impl.SendEventImpl] - Connect Failed",1+,2
54117,"E2E:2018-12-25 20:25:08,454 ERROR [com.e2e.dc.service.impl.SendEventImpl] - Connect Failed",1+,2
54118,"E2E:2018-12-25 20:24:10,078 ERROR [com.e2e.dc.service.impl.SendEventImpl] - Connect Failed",1+,2
54119,"E2E:2018-12-25 20:24:40,079 ERROR [com.e2e.dc.service.impl.SendEventImpl] - Connect Failed",1+,2
54120,"E2E:2018-12-25 20:22:42,264 ERROR [com.e2e.dc.service.impl.SendEventImpl] - Connect Failed",1+,2
54121,"E2E:2018-12-25 20:22:25,635 ERROR [com.e2e.dc.service.impl.SendEventImpl] - Connect Failed",1+,2
54122,"E2E:2018-12-25 20:22:13,973 ERROR [com.e2e.dc.service.impl.SendEventImpl] - Connect Failed",1+,2
54123,"E2E:2018-12-25 20:23:10,075 ERROR [com.e2e.dc.service.impl.SendEventImpl] - Connect Failed",1+,2
54124,"E2E:2018-12-25 20:21:25,633 ERROR [com.e2e.dc.service.impl.SendEventImpl] - Connect Failed",1+,2
54125,"E2E:2018-12-25 20:23:10,254 ERROR [com.e2e.dc.service.impl.SendEventImpl] - Connect Failed",1+,2
54126,"E2E:2018-12-25 20:21:47,335 ERROR [com.e2e.dc.service.impl.SendEventImpl] - Connect Failed",1+,2
54127,"E2E:2018-12-25 20:21:43,971 ERROR [com.e2e.dc.service.impl.SendEventImpl] - Connect Failed",1+,2
54128,"E2E:2018-12-25 20:22:17,337 ERROR [com.e2e.dc.service.impl.SendEventImpl] - Connect Failed",1+,2
54129,"E2E:2018-12-25 20:22:47,338 ERROR [com.e2e.dc.service.impl.SendEventImpl] - Connect Failed",1+,2
54130,"E2E:2018-12-25 20:22:08,446 ERROR [com.e2e.dc.service.impl.SendEventImpl] - Connect Failed",1+,2
54131,"E2E:2018-12-25 20:22:10,252 ERROR [com.e2e.dc.service.impl.SendEventImpl] - Connect Failed",1+,2
54132,"E2E:2018-12-25 20:22:40,253 ERROR [com.e2e.dc.service.impl.SendEventImpl] - Connect Failed",1+,2
54133,"E2E:2018-12-25 20:21:40,071 ERROR [com.e2e.dc.service.impl.SendEventImpl] - Connect Failed",1+,2
54134,"E2E:2018-12-25 20:21:55,634 ERROR [com.e2e.dc.service.impl.SendEventImpl] - Connect Failed",1+,2
54135,"E2E:2018-12-25 20:22:10,073 ERROR [com.e2e.dc.service.impl.SendEventImpl] - Connect Failed",1+,2
54136,"E2E:2018-12-25 20:22:38,447 ERROR [com.e2e.dc.service.impl.SendEventImpl] - Connect Failed",1+,2
54137,"E2E:2018-12-25 20:21:40,250 ERROR [com.e2e.dc.service.impl.SendEventImpl] - Connect Failed",1+,2
54138,"E2E:2018-12-25 20:23:13,976 ERROR [com.e2e.dc.service.impl.SendEventImpl] - Connect Failed",1+,2
54139,"E2E:2018-12-25 20:22:55,637 ERROR [com.e2e.dc.service.impl.SendEventImpl] - Connect Failed",1+,2
54140,"E2E:2018-12-25 20:21:38,444 ERROR [com.e2e.dc.service.impl.SendEventImpl] - Connect Failed",1+,2
54141,"E2E:2018-12-25 20:21:42,261 ERROR [com.e2e.dc.service.impl.SendEventImpl] - Connect Failed",1+,2
54142,"E2E:2018-12-25 20:22:40,074 ERROR [com.e2e.dc.service.impl.SendEventImpl] - Connect Failed",1+,2
54143,"E2E:2018-12-25 20:22:12,262 ERROR [com.e2e.dc.service.impl.SendEventImpl] - Connect Failed",1+,2
54144,"E2E:2018-12-25 20:23:08,449 ERROR [com.e2e.dc.service.impl.SendEventImpl] - Connect Failed",1+,2
54145,"E2E:2018-12-25 20:22:43,974 ERROR [com.e2e.dc.service.impl.SendEventImpl] - Connect Failed",1+,2
54146,"E2E:2018-12-25 20:23:12,266 ERROR [com.e2e.dc.service.impl.SendEventImpl] - Connect Failed",1+,2
54147,"E2E:2018-12-25 20:23:17,340 ERROR [com.e2e.dc.service.impl.SendEventImpl] - Connect Failed",1+,2
54148,"E2E:2018-12-25 20:21:10,249 ERROR [com.e2e.dc.service.impl.SendEventImpl] - Connect Failed",1+,2
54149,"E2E:2018-12-25 20:20:17,331 ERROR [com.e2e.dc.service.impl.SendEventImpl] - Connect Failed",1+,2
54150,"E2E:2018-12-25 20:21:17,334 ERROR [com.e2e.dc.service.impl.SendEventImpl] - Connect Failed",1+,2
54151,"E2E:2018-12-25 20:20:12,256 ERROR [com.e2e.dc.service.impl.SendEventImpl] - Connect Failed",1+,2
54152,"E2E:2018-12-25 20:21:13,970 ERROR [com.e2e.dc.service.impl.SendEventImpl] - Connect Failed",1+,2
54153,"E2E:2018-12-25 20:20:43,968 ERROR [com.e2e.dc.service.impl.SendEventImpl] - Connect Failed",1+,2
54154,"E2E:2018-12-25 20:20:38,442 ERROR [com.e2e.dc.service.impl.SendEventImpl] - Connect Failed",1+,2
54155,"E2E:2018-12-25 20:20:40,068 ERROR [com.e2e.dc.service.impl.SendEventImpl] - Connect Failed",1+,2
54156,"E2E:2018-12-25 20:20:13,967 ERROR [com.e2e.dc.service.impl.SendEventImpl] - Connect Failed",1+,2
54157,"E2E:2018-12-25 20:19:55,628 ERROR [com.e2e.dc.service.impl.SendEventImpl] - Connect Failed",1+,2
54158,"E2E:2018-12-25 20:20:55,631 ERROR [com.e2e.dc.service.impl.SendEventImpl] - Connect Failed",1+,2
54159,"E2E:2018-12-25 20:19:43,962 ERROR [com.e2e.dc.service.impl.SendEventImpl] - Connect Failed",1+,2
54160,"E2E:2018-12-25 20:21:12,259 ERROR [com.e2e.dc.service.impl.SendEventImpl] - Connect Failed",1+,2
54161,"E2E:2018-12-25 20:20:40,247 ERROR [com.e2e.dc.service.impl.SendEventImpl] - Connect Failed",1+,2
54162,"E2E:2018-12-25 20:19:38,438 ERROR [com.e2e.dc.service.impl.SendEventImpl] - Connect Failed",1+,2
54163,"E2E:2018-12-25 20:20:10,067 ERROR [com.e2e.dc.service.impl.SendEventImpl] - Connect Failed",1+,2
54164,"E2E:2018-12-25 20:20:10,246 ERROR [com.e2e.dc.service.impl.SendEventImpl] - Connect Failed",1+,2
54165,"E2E:2018-12-25 20:21:10,070 ERROR [com.e2e.dc.service.impl.SendEventImpl] - Connect Failed",1+,2
54166,"E2E:2018-12-25 20:19:40,245 ERROR [com.e2e.dc.service.impl.SendEventImpl] - Connect Failed",1+,2
54167,"E2E:2018-12-25 20:20:47,332 ERROR [com.e2e.dc.service.impl.SendEventImpl] - Connect Failed",1+,2
54168,"E2E:2018-12-25 20:21:08,443 ERROR [com.e2e.dc.service.impl.SendEventImpl] - Connect Failed",1+,2
54169,"E2E:2018-12-25 20:20:08,439 ERROR [com.e2e.dc.service.impl.SendEventImpl] - Connect Failed",1+,2
54170,"E2E:2018-12-25 20:20:42,257 ERROR [com.e2e.dc.service.impl.SendEventImpl] - Connect Failed",1+,2
54171,"E2E:2018-12-25 20:20:25,630 ERROR [com.e2e.dc.service.impl.SendEventImpl] - Connect Failed",1+,2
54172,"E2E:2018-12-25 20:19:42,254 ERROR [com.e2e.dc.service.impl.SendEventImpl] - Connect Failed",1+,2
54173,"E2E:2018-12-25 20:19:40,066 ERROR [com.e2e.dc.service.impl.SendEventImpl] - Connect Failed",1+,2
54174,"E2E:2018-12-25 20:19:25,627 ERROR [com.e2e.dc.service.impl.SendEventImpl] - Connect Failed",1+,2
54175,"E2E:2018-12-25 20:19:47,330 ERROR [com.e2e.dc.service.impl.SendEventImpl] - Connect Failed",1+,2
54176,"E2E:2018-12-25 20:17:40,240 ERROR [com.e2e.dc.service.impl.SendEventImpl] - Connect Failed",1+,2
54177,"E2E:2018-12-25 20:17:42,247 ERROR [com.e2e.dc.service.impl.SendEventImpl] - Connect Failed",1+,2
54178,"E2E:2018-12-25 20:19:10,244 ERROR [com.e2e.dc.service.impl.SendEventImpl] - Connect Failed",1+,2
54179,"E2E:2018-12-25 20:17:55,622 ERROR [com.e2e.dc.service.impl.SendEventImpl] - Connect Failed",1+,2
54180,"E2E:2018-12-25 20:18:42,251 ERROR [com.e2e.dc.service.impl.SendEventImpl] - Connect Failed",1+,2
54181,"E2E:2018-12-25 20:19:13,961 ERROR [com.e2e.dc.service.impl.SendEventImpl] - Connect Failed",1+,2
54182,"E2E:2018-12-25 20:18:17,265 ERROR [com.e2e.dc.service.impl.SendEventImpl] - Connect Failed",1+,2
54183,"E2E:2018-12-25 20:18:40,242 ERROR [com.e2e.dc.service.impl.SendEventImpl] - Connect Failed",1+,2
54184,"E2E:2018-12-25 20:18:10,062 ERROR [com.e2e.dc.service.impl.SendEventImpl] - Connect Failed",1+,2
54185,"E2E:2018-12-25 20:19:10,065 ERROR [com.e2e.dc.service.impl.SendEventImpl] - Connect Failed",1+,2
54186,"E2E:2018-12-25 20:18:55,625 ERROR [com.e2e.dc.service.impl.SendEventImpl] - Connect Failed",1+,2
54187,"E2E:2018-12-25 20:17:47,264 ERROR [com.e2e.dc.service.impl.SendEventImpl] - Connect Failed",1+,2
54188,"E2E:2018-12-25 20:17:38,430 ERROR [com.e2e.dc.service.impl.SendEventImpl] - Connect Failed",1+,2
54189,"E2E:2018-12-25 20:18:43,959 ERROR [com.e2e.dc.service.impl.SendEventImpl] - Connect Failed",1+,2
54190,"E2E:2018-12-25 20:19:17,328 ERROR [com.e2e.dc.service.impl.SendEventImpl] - Connect Failed",1+,2
54191,"E2E:2018-12-25 20:18:12,249 ERROR [com.e2e.dc.service.impl.SendEventImpl] - Connect Failed",1+,2
54192,"E2E:2018-12-25 20:18:38,434 ERROR [com.e2e.dc.service.impl.SendEventImpl] - Connect Failed",1+,2
54193,"E2E:2018-12-25 20:18:13,958 ERROR [com.e2e.dc.service.impl.SendEventImpl] - Connect Failed",1+,2
54194,"E2E:2018-12-25 20:18:10,241 ERROR [com.e2e.dc.service.impl.SendEventImpl] - Connect Failed",1+,2
54195,"E2E:2018-12-25 20:17:25,621 ERROR [com.e2e.dc.service.impl.SendEventImpl] - Connect Failed",1+,2
54196,"E2E:2018-12-25 20:19:08,436 ERROR [com.e2e.dc.service.impl.SendEventImpl] - Connect Failed",1+,2
54197,"E2E:2018-12-25 20:17:43,957 ERROR [com.e2e.dc.service.impl.SendEventImpl] - Connect Failed",1+,2
54198,"E2E:2018-12-25 20:18:47,327 ERROR [com.e2e.dc.service.impl.SendEventImpl] - Connect Failed",1+,2
54199,"E2E:2018-12-25 20:17:40,061 ERROR [com.e2e.dc.service.impl.SendEventImpl] - Connect Failed",1+,2
54200,"E2E:2018-12-25 20:19:12,252 ERROR [com.e2e.dc.service.impl.SendEventImpl] - Connect Failed",1+,2
54201,"E2E:2018-12-25 20:18:40,063 ERROR [com.e2e.dc.service.impl.SendEventImpl] - Connect Failed",1+,2
54202,"E2E:2018-12-25 20:18:08,432 ERROR [com.e2e.dc.service.impl.SendEventImpl] - Connect Failed",1+,2
54203,"E2E:2018-12-25 20:18:25,624 ERROR [com.e2e.dc.service.impl.SendEventImpl] - Connect Failed",1+,2
54204,"E2E:2018-12-25 20:16:17,260 ERROR [com.e2e.dc.service.impl.SendEventImpl] - Connect Failed",1+,2
54205,"E2E:2018-12-25 20:16:47,262 ERROR [com.e2e.dc.service.impl.SendEventImpl] - Connect Failed",1+,2
54206,"E2E:2018-12-25 20:16:10,235 ERROR [com.e2e.dc.service.impl.SendEventImpl] - Connect Failed",1+,2
54207,"E2E:2018-12-25 20:16:25,618 ERROR [com.e2e.dc.service.impl.SendEventImpl] - Connect Failed",1+,2
54208,"E2E:2018-12-25 20:16:55,619 ERROR [com.e2e.dc.service.impl.SendEventImpl] - Connect Failed",1+,2
54209,"E2E:2018-12-25 20:15:47,259 ERROR [com.e2e.dc.service.impl.SendEventImpl] - Connect Failed",1+,2
54210,"E2E:2018-12-25 20:16:40,237 ERROR [com.e2e.dc.service.impl.SendEventImpl] - Connect Failed",1+,2
54211,"E2E:2018-12-25 20:16:42,244 ERROR [com.e2e.dc.service.impl.SendEventImpl] - Connect Failed",1+,2
54212,"E2E:2018-12-25 20:15:40,234 ERROR [com.e2e.dc.service.impl.SendEventImpl] - Connect Failed",1+,2
54213,"E2E:2018-12-25 20:17:12,245 ERROR [com.e2e.dc.service.impl.SendEventImpl] - Connect Failed",1+,2
54214,"E2E:2018-12-25 20:17:17,263 ERROR [com.e2e.dc.service.impl.SendEventImpl] - Connect Failed",1+,2
54215,"E2E:2018-12-25 20:15:55,616 ERROR [com.e2e.dc.service.impl.SendEventImpl] - Connect Failed",1+,2
54216,"E2E:2018-12-25 20:16:10,057 ERROR [com.e2e.dc.service.impl.SendEventImpl] - Connect Failed",1+,2
54217,"E2E:2018-12-25 20:16:38,427 ERROR [com.e2e.dc.service.impl.SendEventImpl] - Connect Failed",1+,2
54218,"E2E:2018-12-25 20:16:40,058 ERROR [com.e2e.dc.service.impl.SendEventImpl] - Connect Failed",1+,2
54219,"E2E:2018-12-25 20:16:08,425 ERROR [com.e2e.dc.service.impl.SendEventImpl] - Connect Failed",1+,2
54220,"E2E:2018-12-25 20:16:12,242 ERROR [com.e2e.dc.service.impl.SendEventImpl] - Connect Failed",1+,2
54221,"E2E:2018-12-25 20:16:43,954 ERROR [com.e2e.dc.service.impl.SendEventImpl] - Connect Failed",1+,2
54222,"E2E:2018-12-25 20:15:38,424 ERROR [com.e2e.dc.service.impl.SendEventImpl] - Connect Failed",1+,2
54223,"E2E:2018-12-25 20:17:10,238 ERROR [com.e2e.dc.service.impl.SendEventImpl] - Connect Failed",1+,2
54224,"E2E:2018-12-25 20:17:10,059 ERROR [com.e2e.dc.service.impl.SendEventImpl] - Connect Failed",1+,2
54225,"E2E:2018-12-25 20:15:25,615 ERROR [com.e2e.dc.service.impl.SendEventImpl] - Connect Failed",1+,2
54226,"E2E:2018-12-25 20:15:42,240 ERROR [com.e2e.dc.service.impl.SendEventImpl] - Connect Failed",1+,2
54227,"E2E:2018-12-25 20:15:40,056 ERROR [com.e2e.dc.service.impl.SendEventImpl] - Connect Failed",1+,2
54228,"E2E:2018-12-25 20:16:13,952 ERROR [com.e2e.dc.service.impl.SendEventImpl] - Connect Failed",1+,2
54229,"E2E:2018-12-25 20:17:08,428 ERROR [com.e2e.dc.service.impl.SendEventImpl] - Connect Failed",1+,2
54230,"E2E:2018-12-25 20:17:13,955 ERROR [com.e2e.dc.service.impl.SendEventImpl] - Connect Failed",1+,2
54231,"E2E:2018-12-25 20:15:43,951 ERROR [com.e2e.dc.service.impl.SendEventImpl] - Connect Failed",1+,2
54232,"E2E:2018-12-25 20:14:12,235 ERROR [com.e2e.dc.service.impl.SendEventImpl] - Connect Failed",1+,2
54233,"E2E:2018-12-25 20:13:40,229 ERROR [com.e2e.dc.service.impl.SendEventImpl] - Connect Failed",1+,2
54234,"E2E:2018-12-25 20:13:42,234 ERROR [com.e2e.dc.service.impl.SendEventImpl] - Connect Failed",1+,2
54235,"E2E:2018-12-25 20:15:17,258 ERROR [com.e2e.dc.service.impl.SendEventImpl] - Connect Failed",1+,2
54236,"E2E:2018-12-25 20:14:13,947 ERROR [com.e2e.dc.service.impl.SendEventImpl] - Connect Failed",1+,2
54237,"E2E:2018-12-25 20:15:10,054 ERROR [com.e2e.dc.service.impl.SendEventImpl] - Connect Failed",1+,2
54238,"E2E:2018-12-25 20:14:42,237 ERROR [com.e2e.dc.service.impl.SendEventImpl] - Connect Failed",1+,2
54239,"E2E:2018-12-25 20:15:12,238 ERROR [com.e2e.dc.service.impl.SendEventImpl] - Connect Failed",1+,2
54240,"E2E:2018-12-25 20:13:47,254 ERROR [com.e2e.dc.service.impl.SendEventImpl] - Connect Failed",1+,2
54241,"E2E:2018-12-25 20:14:47,256 ERROR [com.e2e.dc.service.impl.SendEventImpl] - Connect Failed",1+,2
54242,"E2E:2018-12-25 20:14:08,419 ERROR [com.e2e.dc.service.impl.SendEventImpl] - Connect Failed",1+,2
54243,"E2E:2018-12-25 20:14:40,053 ERROR [com.e2e.dc.service.impl.SendEventImpl] - Connect Failed",1+,2
54244,"E2E:2018-12-25 20:15:13,950 ERROR [com.e2e.dc.service.impl.SendEventImpl] - Connect Failed",1+,2
54245,"E2E:2018-12-25 20:14:10,230 ERROR [com.e2e.dc.service.impl.SendEventImpl] - Connect Failed",1+,2
54246,"E2E:2018-12-25 20:13:40,050 ERROR [com.e2e.dc.service.impl.SendEventImpl] - Connect Failed",1+,2
54247,"E2E:2018-12-25 20:13:43,945 ERROR [com.e2e.dc.service.impl.SendEventImpl] - Connect Failed",1+,2
54248,"E2E:2018-12-25 20:14:55,613 ERROR [com.e2e.dc.service.impl.SendEventImpl] - Connect Failed",1+,2
54249,"E2E:2018-12-25 20:15:10,233 ERROR [com.e2e.dc.service.impl.SendEventImpl] - Connect Failed",1+,2
54250,"E2E:2018-12-25 20:14:43,948 ERROR [com.e2e.dc.service.impl.SendEventImpl] - Connect Failed",1+,2
54251,"E2E:2018-12-25 20:14:17,255 ERROR [com.e2e.dc.service.impl.SendEventImpl] - Connect Failed",1+,2
54252,"E2E:2018-12-25 20:13:55,610 ERROR [com.e2e.dc.service.impl.SendEventImpl] - Connect Failed",1+,2
54253,"E2E:2018-12-25 20:14:25,612 ERROR [com.e2e.dc.service.impl.SendEventImpl] - Connect Failed",1+,2
54254,"E2E:2018-12-25 20:14:10,051 ERROR [com.e2e.dc.service.impl.SendEventImpl] - Connect Failed",1+,2
54255,"E2E:2018-12-25 20:14:38,421 ERROR [com.e2e.dc.service.impl.SendEventImpl] - Connect Failed",1+,2
54256,"E2E:2018-12-25 20:14:40,232 ERROR [com.e2e.dc.service.impl.SendEventImpl] - Connect Failed",1+,2
54257,"E2E:2018-12-25 20:13:38,418 ERROR [com.e2e.dc.service.impl.SendEventImpl] - Connect Failed",1+,2
54258,"E2E:2018-12-25 20:15:08,422 ERROR [com.e2e.dc.service.impl.SendEventImpl] - Connect Failed",1+,2
54259,"E2E:2018-12-25 20:13:25,609 ERROR [com.e2e.dc.service.impl.SendEventImpl] - Connect Failed",1+,2
54260,"E2E:2018-12-25 20:11:38,412 ERROR [com.e2e.dc.service.impl.SendEventImpl] - Connect Failed",1+,2
54261,"E2E:2018-12-25 20:12:08,413 ERROR [com.e2e.dc.service.impl.SendEventImpl] - Connect Failed",1+,2
54262,"E2E:2018-12-25 20:12:43,942 ERROR [com.e2e.dc.service.impl.SendEventImpl] - Connect Failed",1+,2
54263,"E2E:2018-12-25 20:11:47,249 ERROR [com.e2e.dc.service.impl.SendEventImpl] - Connect Failed",1+,2
54264,"E2E:2018-12-25 20:12:12,229 ERROR [com.e2e.dc.service.impl.SendEventImpl] - Connect Failed",1+,2
54265,"E2E:2018-12-25 20:12:13,941 ERROR [com.e2e.dc.service.impl.SendEventImpl] - Connect Failed",1+,2
54266,"E2E:2018-12-25 20:13:08,416 ERROR [com.e2e.dc.service.impl.SendEventImpl] - Connect Failed",1+,2
54267,"E2E:2018-12-25 20:12:10,047 ERROR [com.e2e.dc.service.impl.SendEventImpl] - Connect Failed",1+,2
54268,"E2E:2018-12-25 20:13:13,943 ERROR [com.e2e.dc.service.impl.SendEventImpl] - Connect Failed",1+,2
54269,"E2E:2018-12-25 20:12:55,607 ERROR [com.e2e.dc.service.impl.SendEventImpl] - Connect Failed",1+,2
54270,"E2E:2018-12-25 20:13:17,252 ERROR [com.e2e.dc.service.impl.SendEventImpl] - Connect Failed",1+,2
54271,"E2E:2018-12-25 20:11:40,217 ERROR [com.e2e.dc.service.impl.SendEventImpl] - Connect Failed",1+,2
54272,"E2E:2018-12-25 20:11:55,604 ERROR [com.e2e.dc.service.impl.SendEventImpl] - Connect Failed",1+,2
54273,"E2E:2018-12-25 20:11:42,227 ERROR [com.e2e.dc.service.impl.SendEventImpl] - Connect Failed",1+,2
54274,"E2E:2018-12-25 20:12:42,230 ERROR [com.e2e.dc.service.impl.SendEventImpl] - Connect Failed",1+,2
54275,"E2E:2018-12-25 20:12:25,606 ERROR [com.e2e.dc.service.impl.SendEventImpl] - Connect Failed",1+,2
54276,"E2E:2018-12-25 20:13:12,232 ERROR [com.e2e.dc.service.impl.SendEventImpl] - Connect Failed",1+,2
54277,"E2E:2018-12-25 20:11:40,045 ERROR [com.e2e.dc.service.impl.SendEventImpl] - Connect Failed",1+,2
54278,"E2E:2018-12-25 20:12:38,415 ERROR [com.e2e.dc.service.impl.SendEventImpl] - Connect Failed",1+,2
54279,"E2E:2018-12-25 20:12:47,251 ERROR [com.e2e.dc.service.impl.SendEventImpl] - Connect Failed",1+,2
54280,"E2E:2018-12-25 20:12:17,250 ERROR [com.e2e.dc.service.impl.SendEventImpl] - Connect Failed",1+,2
54281,"E2E:2018-12-25 20:13:10,227 ERROR [com.e2e.dc.service.impl.SendEventImpl] - Connect Failed",1+,2
54282,"E2E:2018-12-25 20:13:10,049 ERROR [com.e2e.dc.service.impl.SendEventImpl] - Connect Failed",1+,2
54283,"E2E:2018-12-25 20:12:40,048 ERROR [com.e2e.dc.service.impl.SendEventImpl] - Connect Failed",1+,2
54284,"E2E:2018-12-25 20:11:25,603 ERROR [com.e2e.dc.service.impl.SendEventImpl] - Connect Failed",1+,2
54285,"E2E:2018-12-25 20:11:43,939 ERROR [com.e2e.dc.service.impl.SendEventImpl] - Connect Failed",1+,2
54286,"E2E:2018-12-25 20:12:10,225 ERROR [com.e2e.dc.service.impl.SendEventImpl] - Connect Failed",1+,2
54287,"E2E:2018-12-25 20:12:40,226 ERROR [com.e2e.dc.service.impl.SendEventImpl] - Connect Failed",1+,2
54288,"E2E:2018-12-25 20:11:17,247 ERROR [com.e2e.dc.service.impl.SendEventImpl] - Connect Failed",1+,2
54289,"E2E:2018-12-25 20:10:25,600 ERROR [com.e2e.dc.service.impl.SendEventImpl] - Connect Failed",1+,2
54290,"E2E:2018-12-25 20:11:10,216 ERROR [com.e2e.dc.service.impl.SendEventImpl] - Connect Failed",1+,2
54291,"E2E:2018-12-25 20:10:10,213 ERROR [com.e2e.dc.service.impl.SendEventImpl] - Connect Failed",1+,2
54292,"E2E:2018-12-25 20:10:08,407 ERROR [com.e2e.dc.service.impl.SendEventImpl] - Connect Failed",1+,2
54293,"E2E:2018-12-25 20:10:40,043 ERROR [com.e2e.dc.service.impl.SendEventImpl] - Connect Failed",1+,2
54294,"E2E:2018-12-25 20:10:55,601 ERROR [com.e2e.dc.service.impl.SendEventImpl] - Connect Failed",1+,2
54295,"E2E:2018-12-25 20:10:17,245 ERROR [com.e2e.dc.service.impl.SendEventImpl] - Connect Failed",1+,2
54296,"E2E:2018-12-25 20:11:08,410 ERROR [com.e2e.dc.service.impl.SendEventImpl] - Connect Failed",1+,2
54297,"E2E:2018-12-25 20:09:42,220 ERROR [com.e2e.dc.service.impl.SendEventImpl] - Connect Failed",1+,2
54298,"E2E:2018-12-25 20:10:40,214 ERROR [com.e2e.dc.service.impl.SendEventImpl] - Connect Failed",1+,2
54299,"E2E:2018-12-25 20:10:13,935 ERROR [com.e2e.dc.service.impl.SendEventImpl] - Connect Failed",1+,2
54300,"E2E:2018-12-25 20:10:43,936 ERROR [com.e2e.dc.service.impl.SendEventImpl] - Connect Failed",1+,2
54301,"E2E:2018-12-25 20:11:13,938 ERROR [com.e2e.dc.service.impl.SendEventImpl] - Connect Failed",1+,2
54302,"E2E:2018-12-25 20:11:10,044 ERROR [com.e2e.dc.service.impl.SendEventImpl] - Connect Failed",1+,2
54303,"E2E:2018-12-25 20:09:40,040 ERROR [com.e2e.dc.service.impl.SendEventImpl] - Connect Failed",1+,2
54304,"E2E:2018-12-25 20:09:25,596 ERROR [com.e2e.dc.service.impl.SendEventImpl] - Connect Failed",1+,2
54305,"E2E:2018-12-25 20:09:38,405 ERROR [com.e2e.dc.service.impl.SendEventImpl] - Connect Failed",1+,2
54306,"E2E:2018-12-25 20:10:12,222 ERROR [com.e2e.dc.service.impl.SendEventImpl] - Connect Failed",1+,2
54307,"E2E:2018-12-25 20:09:55,598 ERROR [com.e2e.dc.service.impl.SendEventImpl] - Connect Failed",1+,2
54308,"E2E:2018-12-25 20:10:42,223 ERROR [com.e2e.dc.service.impl.SendEventImpl] - Connect Failed",1+,2
54309,"E2E:2018-12-25 20:10:38,408 ERROR [com.e2e.dc.service.impl.SendEventImpl] - Connect Failed",1+,2
54310,"E2E:2018-12-25 20:09:47,244 ERROR [com.e2e.dc.service.impl.SendEventImpl] - Connect Failed",1+,2
54311,"E2E:2018-12-25 20:11:12,225 ERROR [com.e2e.dc.service.impl.SendEventImpl] - Connect Failed",1+,2
54312,"E2E:2018-12-25 20:10:47,246 ERROR [com.e2e.dc.service.impl.SendEventImpl] - Connect Failed",1+,2
54313,"E2E:2018-12-25 20:10:10,042 ERROR [com.e2e.dc.service.impl.SendEventImpl] - Connect Failed",1+,2
54314,"E2E:2018-12-25 20:09:40,212 ERROR [com.e2e.dc.service.impl.SendEventImpl] - Connect Failed",1+,2
54315,"E2E:2018-12-25 20:09:43,933 ERROR [com.e2e.dc.service.impl.SendEventImpl] - Connect Failed",1+,2
54316,"E2E:2018-12-25 20:08:43,930 ERROR [com.e2e.dc.service.impl.SendEventImpl] - Connect Failed",1+,2
54317,"E2E:2018-12-25 20:07:55,592 ERROR [com.e2e.dc.service.impl.SendEventImpl] - Connect Failed",1+,2
54318,"E2E:2018-12-25 20:08:40,038 ERROR [com.e2e.dc.service.impl.SendEventImpl] - Connect Failed",1+,2
54319,"E2E:2018-12-25 20:07:25,590 ERROR [com.e2e.dc.service.impl.SendEventImpl] - Connect Failed",1+,2
54320,"E2E:2018-12-25 20:08:55,595 ERROR [com.e2e.dc.service.impl.SendEventImpl] - Connect Failed",1+,2
54321,"E2E:2018-12-25 20:08:42,215 ERROR [com.e2e.dc.service.impl.SendEventImpl] - Connect Failed",1+,2
54322,"E2E:2018-12-25 20:09:12,217 ERROR [com.e2e.dc.service.impl.SendEventImpl] - Connect Failed",1+,2
54323,"E2E:2018-12-25 20:08:17,240 ERROR [com.e2e.dc.service.impl.SendEventImpl] - Connect Failed",1+,2
54324,"E2E:2018-12-25 20:07:42,212 ERROR [com.e2e.dc.service.impl.SendEventImpl] - Connect Failed",1+,2
54325,"E2E:2018-12-25 20:09:10,210 ERROR [com.e2e.dc.service.impl.SendEventImpl] - Connect Failed",1+,2
54326,"E2E:2018-12-25 20:08:08,401 ERROR [com.e2e.dc.service.impl.SendEventImpl] - Connect Failed",1+,2
54327,"E2E:2018-12-25 20:09:10,039 ERROR [com.e2e.dc.service.impl.SendEventImpl] - Connect Failed",1+,2
54328,"E2E:2018-12-25 20:07:43,927 ERROR [com.e2e.dc.service.impl.SendEventImpl] - Connect Failed",1+,2
54329,"E2E:2018-12-25 20:08:25,593 ERROR [com.e2e.dc.service.impl.SendEventImpl] - Connect Failed",1+,2
54330,"E2E:2018-12-25 20:09:13,931 ERROR [com.e2e.dc.service.impl.SendEventImpl] - Connect Failed",1+,2
54331,"E2E:2018-12-25 20:07:38,399 ERROR [com.e2e.dc.service.impl.SendEventImpl] - Connect Failed",1+,2
54332,"E2E:2018-12-25 20:08:13,928 ERROR [com.e2e.dc.service.impl.SendEventImpl] - Connect Failed",1+,2
54333,"E2E:2018-12-25 20:08:12,214 ERROR [com.e2e.dc.service.impl.SendEventImpl] - Connect Failed",1+,2
54334,"E2E:2018-12-25 20:09:17,243 ERROR [com.e2e.dc.service.impl.SendEventImpl] - Connect Failed",1+,2
54335,"E2E:2018-12-25 20:07:40,035 ERROR [com.e2e.dc.service.impl.SendEventImpl] - Connect Failed",1+,2
54336,"E2E:2018-12-25 20:07:47,239 ERROR [com.e2e.dc.service.impl.SendEventImpl] - Connect Failed",1+,2
54337,"E2E:2018-12-25 20:08:38,402 ERROR [com.e2e.dc.service.impl.SendEventImpl] - Connect Failed",1+,2
54338,"E2E:2018-12-25 20:08:10,036 ERROR [com.e2e.dc.service.impl.SendEventImpl] - Connect Failed",1+,2
54339,"E2E:2018-12-25 20:08:47,241 ERROR [com.e2e.dc.service.impl.SendEventImpl] - Connect Failed",1+,2
54340,"E2E:2018-12-25 20:09:08,404 ERROR [com.e2e.dc.service.impl.SendEventImpl] - Connect Failed",1+,2
54341,"E2E:2018-12-25 20:07:18,477 ERROR - [data.proc.main] thread 'data.proc.main' error, error occurs when sql running.",10+,9
54342,"E2E:2018-12-25 20:07:17,971 ERROR - [data.proc.output_rrtview] thread 'data.proc.output_rrtview' error, error occurs when sql running.",10+,9
54343,"E2E:2018-12-25 20:07:18,407 ERROR - [data.proc.get.SystemTxindView] 应锟矫筹拷锟斤拷锟斤拷锟斤拷锟斤拷锟斤拷锟杰斤拷锟斤拷锟斤拷锟接★拷",10+,9
54344,"E2E:2018-12-25 20:07:18,407 ERROR - [data.proc.get.SystemTxindView] thread 'data.proc.get.SystemTxindView' error, error occurs when sql running.",10+,9
54345,"E2E:2018-12-25 20:07:17,962 ERROR - [data.proc.output_bigview] thread 'data.proc.output_bigview' error, error occurs when sql running.",10+,9
54346,"E2E:2018-12-25 20:07:17,970 ERROR - [data.proc.output_rrtview] 应锟矫筹拷锟斤拷锟斤拷锟斤拷锟斤拷锟斤拷锟杰斤拷锟斤拷锟斤拷锟接★拷",10+,9
54347,"E2E:2018-12-25 20:07:17,962 ERROR - [data.proc.output_bigview] 应锟矫筹拷锟斤拷锟斤拷锟斤拷锟斤拷锟斤拷锟杰斤拷锟斤拷锟斤拷锟接★拷",10+,9
54348,"E2E:2018-12-25 20:07:17,927 ERROR - [data.proc.baseline_AGGRE_18_30] thread 'data.proc.baseline_AGGRE_18_30' error, error occurs when sql running.",10+,9
54349,"E2E:2018-12-25 20:07:17,955 ERROR - [data.proc.convertRRT] 应锟矫筹拷锟斤拷锟斤拷锟斤拷锟斤拷锟斤拷锟杰斤拷锟斤拷锟斤拷锟接★拷",10+,9
54350,"E2E:2018-12-25 20:07:18,477 ERROR - [data.proc.main] 应锟矫筹拷锟斤拷锟斤拷锟斤拷锟斤拷锟斤拷锟杰斤拷锟斤拷锟斤拷锟接★拷",10+,9
54351,"E2E:2018-12-25 20:07:17,955 ERROR - [data.proc.convertRRT] thread 'data.proc.convertRRT' error, error occurs when sql running.",10+,9
54352,"E2E:2018-12-25 20:06:47,236 ERROR [com.e2e.dc.service.impl.SendEventImpl] - Connect Failed",1+,2
54353,"E2E:2018-12-25 20:05:47,234 ERROR [com.e2e.dc.service.impl.SendEventImpl] - Connect Failed",1+,2
54354,"E2E:2018-12-25 20:06:13,922 ERROR [com.e2e.dc.service.impl.SendEventImpl] - Connect Failed",1+,2
54355,"E2E:2018-12-25 20:06:42,208 ERROR [com.e2e.dc.service.impl.SendEventImpl] - Connect Failed",1+,2
54356,"E2E:2018-12-25 20:07:08,398 ERROR [com.e2e.dc.service.impl.SendEventImpl] - Connect Failed",1+,2
54357,"E2E:2018-12-25 20:07:10,034 ERROR [com.e2e.dc.service.impl.SendEventImpl] - Connect Failed",1+,2
54358,"E2E:2018-12-25 20:06:10,031 ERROR [com.e2e.dc.service.impl.SendEventImpl] - Connect Failed",1+,2
54359,"E2E:2018-12-25 20:05:43,880 ERROR [com.e2e.dc.service.impl.SendEventImpl] - Connect Failed",1+,2
54360,"E2E:2018-12-25 20:07:13,925 ERROR [com.e2e.dc.service.impl.SendEventImpl] - Connect Failed",1+,2
54361,"E2E:2018-12-25 20:05:38,393 ERROR [com.e2e.dc.service.impl.SendEventImpl] - Connect Failed",1+,2
54362,"E2E:2018-12-25 20:06:17,235 ERROR [com.e2e.dc.service.impl.SendEventImpl] - Connect Failed",1+,2
54363,"E2E:2018-12-25 20:05:25,584 ERROR [com.e2e.dc.service.impl.SendEventImpl] - Connect Failed",1+,2
54364,"E2E:2018-12-25 20:06:55,589 ERROR [com.e2e.dc.service.impl.SendEventImpl] - Connect Failed",1+,2
54365,"E2E:2018-12-25 20:06:43,923 ERROR [com.e2e.dc.service.impl.SendEventImpl] - Connect Failed",1+,2
54366,"E2E:2018-12-25 20:06:25,587 ERROR [com.e2e.dc.service.impl.SendEventImpl] - Connect Failed",1+,2
54367,"E2E:2018-12-25 20:05:42,205 ERROR [com.e2e.dc.service.impl.SendEventImpl] - Connect Failed",1+,2
54368,"E2E:2018-12-25 20:06:40,032 ERROR [com.e2e.dc.service.impl.SendEventImpl] - Connect Failed",1+,2
54369,"E2E:2018-12-25 20:05:40,030 ERROR [com.e2e.dc.service.impl.SendEventImpl] - Connect Failed",1+,2
54370,"E2E:2018-12-25 20:07:17,238 ERROR [com.e2e.dc.service.impl.SendEventImpl] - Connect Failed",1+,2
54371,"E2E:2018-12-25 20:05:55,586 ERROR [com.e2e.dc.service.impl.SendEventImpl] - Connect Failed",1+,2
54372,"E2E:2018-12-25 20:06:38,396 ERROR [com.e2e.dc.service.impl.SendEventImpl] - Connect Failed",1+,2
54373,"E2E:2018-12-25 20:07:12,210 ERROR [com.e2e.dc.service.impl.SendEventImpl] - Connect Failed",1+,2
54374,"E2E:2018-12-25 20:06:12,207 ERROR [com.e2e.dc.service.impl.SendEventImpl] - Connect Failed",1+,2
54375,"E2E:2018-12-25 20:06:08,395 ERROR [com.e2e.dc.service.impl.SendEventImpl] - Connect Failed",1+,2
54376,"E2E:2018-12-25 20:05:10,029 ERROR [com.e2e.dc.service.impl.SendEventImpl] - Connect Failed",1+,2
54377,"E2E:2018-12-25 20:05:08,391 ERROR [com.e2e.dc.service.impl.SendEventImpl] - Connect Failed",1+,2
54378,"E2E:2018-12-25 20:04:17,231 ERROR [com.e2e.dc.service.impl.SendEventImpl] - Connect Failed",1+,2
54379,"E2E:2018-12-25 20:03:25,578 ERROR [com.e2e.dc.service.impl.SendEventImpl] - Connect Failed",1+,2
54380,"E2E:2018-12-25 20:04:47,232 ERROR [com.e2e.dc.service.impl.SendEventImpl] - Connect Failed",1+,2
54381,"E2E:2018-12-25 20:04:43,877 ERROR [com.e2e.dc.service.impl.SendEventImpl] - Connect Failed",1+,2
54382,"E2E:2018-12-25 20:04:55,583 ERROR [com.e2e.dc.service.impl.SendEventImpl] - Connect Failed",1+,2
54383,"E2E:2018-12-25 20:05:12,200 ERROR [com.e2e.dc.service.impl.SendEventImpl] - Connect Failed",1+,2
54384,"E2E:2018-12-25 20:03:55,579 ERROR [com.e2e.dc.service.impl.SendEventImpl] - Connect Failed",1+,2
54385,"E2E:2018-12-25 20:04:38,390 ERROR [com.e2e.dc.service.impl.SendEventImpl] - Connect Failed",1+,2
54386,"E2E:2018-12-25 20:04:13,875 ERROR [com.e2e.dc.service.impl.SendEventImpl] - Connect Failed",1+,2
54387,"E2E:2018-12-25 20:04:08,388 ERROR [com.e2e.dc.service.impl.SendEventImpl] - Connect Failed",1+,2
54388,"E2E:2018-12-25 20:05:17,233 ERROR [com.e2e.dc.service.impl.SendEventImpl] - Connect Failed",1+,2
54389,"E2E:2018-12-25 20:03:43,874 ERROR [com.e2e.dc.service.impl.SendEventImpl] - Connect Failed",1+,2
54390,"E2E:2018-12-25 20:04:25,581 ERROR [com.e2e.dc.service.impl.SendEventImpl] - Connect Failed",1+,2
54391,"E2E:2018-12-25 20:03:38,387 ERROR [com.e2e.dc.service.impl.SendEventImpl] - Connect Failed",1+,2
54392,"E2E:2018-12-25 20:04:10,026 ERROR [com.e2e.dc.service.impl.SendEventImpl] - Connect Failed",1+,2
54393,"E2E:2018-12-25 20:04:42,193 ERROR [com.e2e.dc.service.impl.SendEventImpl] - Connect Failed",1+,2
54394,"E2E:2018-12-25 20:04:40,027 ERROR [com.e2e.dc.service.impl.SendEventImpl] - Connect Failed",1+,2
54395,"E2E:2018-12-25 20:03:42,190 ERROR [com.e2e.dc.service.impl.SendEventImpl] - Connect Failed",1+,2
54396,"E2E:2018-12-25 20:03:47,229 ERROR [com.e2e.dc.service.impl.SendEventImpl] - Connect Failed",1+,2
54397,"E2E:2018-12-25 20:05:13,878 ERROR [com.e2e.dc.service.impl.SendEventImpl] - Connect Failed",1+,2
54398,"E2E:2018-12-25 20:03:40,025 ERROR [com.e2e.dc.service.impl.SendEventImpl] - Connect Failed",1+,2
54399,"E2E:2018-12-25 20:04:12,191 ERROR [com.e2e.dc.service.impl.SendEventImpl] - Connect Failed",1+,2
54400,"E2E:2018-12-25 20:02:10,021 ERROR [com.e2e.dc.service.impl.SendEventImpl] - Connect Failed",1+,2
54401,"E2E:2018-12-25 20:02:42,187 ERROR [com.e2e.dc.service.impl.SendEventImpl] - Connect Failed",1+,2
54402,"E2E:2018-12-25 20:01:40,020 ERROR [com.e2e.dc.service.impl.SendEventImpl] - Connect Failed",1+,2
54403,"E2E:2018-12-25 20:02:08,382 ERROR [com.e2e.dc.service.impl.SendEventImpl] - Connect Failed",1+,2
54404,"E2E:2018-12-25 20:03:08,385 ERROR [com.e2e.dc.service.impl.SendEventImpl] - Connect Failed",1+,2
54405,"E2E:2018-12-25 20:01:47,220 ERROR [com.e2e.dc.service.impl.SendEventImpl] - Connect Failed",1+,2
54406,"E2E:2018-12-25 20:02:25,575 ERROR [com.e2e.dc.service.impl.SendEventImpl] - Connect Failed",1+,2
54407,"E2E:2018-12-25 20:01:25,572 ERROR [com.e2e.dc.service.impl.SendEventImpl] - Connect Failed",1+,2
54408,"E2E:2018-12-25 20:02:40,022 ERROR [com.e2e.dc.service.impl.SendEventImpl] - Connect Failed",1+,2
54409,"E2E:2018-12-25 20:03:10,023 ERROR [com.e2e.dc.service.impl.SendEventImpl] - Connect Failed",1+,2
54410,"E2E:2018-12-25 20:03:17,228 ERROR [com.e2e.dc.service.impl.SendEventImpl] - Connect Failed",1+,2
54411,"E2E:2018-12-25 20:01:43,868 ERROR [com.e2e.dc.service.impl.SendEventImpl] - Connect Failed",1+,2
54412,"E2E:2018-12-25 20:02:38,384 ERROR [com.e2e.dc.service.impl.SendEventImpl] - Connect Failed",1+,2
54413,"E2E:2018-12-25 20:01:38,381 ERROR [com.e2e.dc.service.impl.SendEventImpl] - Connect Failed",1+,2
54414,"E2E:2018-12-25 20:02:47,227 ERROR [com.e2e.dc.service.impl.SendEventImpl] - Connect Failed",1+,2
54415,"E2E:2018-12-25 20:02:43,871 ERROR [com.e2e.dc.service.impl.SendEventImpl] - Connect Failed",1+,2
54416,"E2E:2018-12-25 20:02:55,577 ERROR [com.e2e.dc.service.impl.SendEventImpl] - Connect Failed",1+,2
54417,"E2E:2018-12-25 20:03:12,189 ERROR [com.e2e.dc.service.impl.SendEventImpl] - Connect Failed",1+,2
54418,"E2E:2018-12-25 20:02:13,870 ERROR [com.e2e.dc.service.impl.SendEventImpl] - Connect Failed",1+,2
54419,"E2E:2018-12-25 20:03:13,872 ERROR [com.e2e.dc.service.impl.SendEventImpl] - Connect Failed",1+,2
54420,"E2E:2018-12-25 20:01:55,574 ERROR [com.e2e.dc.service.impl.SendEventImpl] - Connect Failed",1+,2
54421,"E2E:2018-12-25 20:02:17,226 ERROR [com.e2e.dc.service.impl.SendEventImpl] - Connect Failed",1+,2
54422,"E2E:2018-12-25 20:01:10,018 ERROR [com.e2e.dc.service.impl.SendEventImpl] - Connect Failed",1+,2
54423,"E2E:2018-12-25 20:00:25,569 ERROR [com.e2e.dc.service.impl.SendEventImpl] - Connect Failed",1+,2
54424,"E2E:2018-12-25 20:01:17,218 ERROR [com.e2e.dc.service.impl.SendEventImpl] - Connect Failed",1+,2
54425,"E2E:2018-12-25 20:01:08,379 ERROR [com.e2e.dc.service.impl.SendEventImpl] - Connect Failed",1+,2
54426,"E2E:2018-12-25 19:59:38,375 ERROR [com.e2e.dc.service.impl.SendEventImpl] - Connect Failed",1+,2
54427,"E2E:2018-12-25 20:00:08,376 ERROR [com.e2e.dc.service.impl.SendEventImpl] - Connect Failed",1+,2
54428,"E2E:2018-12-25 20:00:55,570 ERROR [com.e2e.dc.service.impl.SendEventImpl] - Connect Failed",1+,2
54429,"E2E:2018-12-25 20:00:13,864 ERROR [com.e2e.dc.service.impl.SendEventImpl] - Connect Failed",1+,2
54430,"E2E:2018-12-25 19:59:25,566 ERROR [com.e2e.dc.service.impl.SendEventImpl] - Connect Failed",1+,2
54431,"E2E:2018-12-25 20:00:43,865 ERROR [com.e2e.dc.service.impl.SendEventImpl] - Connect Failed",1+,2
54432,"E2E:2018-12-25 19:59:47,215 ERROR [com.e2e.dc.service.impl.SendEventImpl] - Connect Failed",1+,2
54433,"E2E:2018-12-25 20:00:40,017 ERROR [com.e2e.dc.service.impl.SendEventImpl] - Connect Failed",1+,2
54434,"E2E:2018-12-25 20:00:47,217 ERROR [com.e2e.dc.service.impl.SendEventImpl] - Connect Failed",1+,2
54435,"E2E:2018-12-25 20:00:10,016 ERROR [com.e2e.dc.service.impl.SendEventImpl] - Connect Failed",1+,2
54436,"E2E:2018-12-25 20:00:38,378 ERROR [com.e2e.dc.service.impl.SendEventImpl] - Connect Failed",1+,2
54437,"E2E:2018-12-25 20:00:17,216 ERROR [com.e2e.dc.service.impl.SendEventImpl] - Connect Failed",1+,2
54438,"E2E:2018-12-25 20:01:13,867 ERROR [com.e2e.dc.service.impl.SendEventImpl] - Connect Failed",1+,2
54439,"E2E:2018-12-25 19:59:43,863 ERROR [com.e2e.dc.service.impl.SendEventImpl] - Connect Failed",1+,2
54440,"E2E:2018-12-25 19:59:55,568 ERROR [com.e2e.dc.service.impl.SendEventImpl] - Connect Failed",1+,2
54441,"E2E:2018-12-25 19:59:40,015 ERROR [com.e2e.dc.service.impl.SendEventImpl] - Connect Failed",1+,2
54442,21.15.39 J0099358  +DBA:BANCS BIG SEGMENT TS FOUND!TSGPIS HAS 20 DATASETS(MAX 32) SYSJOB,1+,1
54443,21.15.39 J0099358  +DBA:BANCS BIG SEGMENT TS FOUND!TSLMVU HAS 21 DATASETS(MAX 32) SYSJOB,1+,1
54444,21.15.39 J0099358  +DBA:BANCS BIG SEGMENT TS FOUND!TSSPYO HAS 28 DATASETS(MAX 32) SYSJOB,1+,1
54445,21.14.36 J0099358  +DBA:BANCS BIG PARTITION TS FOUND!TSINCT PART 338 86.3% INUSE SYSJOB,1+,6
54446,21.14.36 J0099358  +DBA:BANCS BIG PARTITION TS FOUND!TSINCT PART 333 86.4% INUSE SYSJOB,1+,6
54447,21.14.37 J0099358  +DBA:BANCS BIG PARTITION TS FOUND!TSINCT PART 348 86.9% INUSE SYSJOB,1+,6
54448,21.14.36 J0099358  +DBA:BANCS BIG PARTITION TS FOUND!TSINCT PART 343 87.0% INUSE SYSJOB,1+,6
54449,21.14.35 J0099358  +DBA:BANCS BIG PARTITION TS FOUND!TSINCT PART 328 86.6% INUSE SYSJOB,1+,6
54450,21.14.38 J0099358  +DBA:BANCS BIG PARTITION TS FOUND!TSINCT PART 398 85.7% INUSE SYSJOB,1+,6
54451,21.14.30 J0099358  +DBA:BANCS BIG PARTITION TS FOUND!TSINCT PART 123 89.1% INUSE SYSJOB,1+,6
54452,21.11.14 J0099424 *IEF099I JOB NA100006 WAITING FOR DATA SETS,1+,0
54453,"E2E:2018-12-25 21:01:25,763 ERROR [com.e2e.dc.service.impl.SendEventImpl] - Connect Failed",1+,2
54454,"E2E:2018-12-25 21:01:47,460 ERROR [com.e2e.dc.service.impl.SendEventImpl] - Connect Failed",1+,2
54455,"E2E:2018-12-25 21:01:42,408 ERROR [com.e2e.dc.service.impl.SendEventImpl] - Connect Failed",1+,2
54456,2018-12-25 21:00:01 Error: The application process is down: /streams/InfoSphereStreams/system/impl/bin/streams-pec,10+,9
54457,2018-12-25 21:00:01 Error: The application process is down: /streams/InfoSphereStreams/system/impl/bin/streams-pec,10+,9
54458,21.04.11 J0099284  +DBA:EISS BIG SEGMENT TS FOUND!CGEN245P HAS 24 DATASETS(MAX 32) SYSJOB,1+,1
54459,21.04.11 J0099284  +DBA:EISS BIG SEGMENT TS FOUND!CGEN050P HAS 21 DATASETS(MAX 32) SYSJOB,1+,1
54460,21.04.11 J0099284  +DBA:EISS BIG SEGMENT TS FOUND!CGEN263P HAS 22 DATASETS(MAX 32) SYSJOB,1+,1
54461,21.04.11 J0099284  +DBA:EISS BIG SEGMENT TS FOUND!CGEN246P HAS 21 DATASETS(MAX 32) SYSJOB,1+,1
54462,21.04.11 J0099284  +DBA:EISS BIG SEGMENT TS FOUND!CGEN048P HAS 20 DATASETS(MAX 32) SYSJOB,1+,1
54463,端到端:ERROR CN streamsjob healthy not good!,10+,9
54464,端到端:ERROR OVERSEA streamsjob healthy not good!,10+,9
54465,端到端:ERROR CN streamsjob status not running!,10+,9
54466,端到端:ERROR OVERSEA streamsjob status not running!,10+,9
54467,2018-12-25 21:00:01 Error: The application process is down: /streams/InfoSphereStreams/system/impl/bin/streams-pec,10+,9
54468,"E2E:2018-12-25 21:00:14,083 ERROR [com.e2e.dc.service.impl.SendEventImpl] - Connect Failed",1+,2
54469,"E2E:2018-12-25 20:59:47,437 ERROR [com.e2e.dc.service.impl.SendEventImpl] - Connect Failed",1+,2
54470,"E2E:2018-12-25 21:01:17,454 ERROR [com.e2e.dc.service.impl.SendEventImpl] - Connect Failed",1+,2
54471,"E2E:2018-12-25 21:01:12,400 ERROR [com.e2e.dc.service.impl.SendEventImpl] - Connect Failed",1+,2
54472,"E2E:2018-12-25 21:00:42,397 ERROR [com.e2e.dc.service.impl.SendEventImpl] - Connect Failed",1+,2
54473,"E2E:2018-12-25 21:00:40,356 ERROR [com.e2e.dc.service.impl.SendEventImpl] - Connect Failed",1+,2
54474,"E2E:2018-12-25 20:59:25,749 ERROR [com.e2e.dc.service.impl.SendEventImpl] - Connect Failed",1+,2
54475,"E2E:2018-12-25 20:59:42,394 ERROR [com.e2e.dc.service.impl.SendEventImpl] - Connect Failed",1+,2
54476,"E2E:2018-12-25 21:00:10,173 ERROR [com.e2e.dc.service.impl.SendEventImpl] - Connect Failed",1+,2
54477,"E2E:2018-12-25 21:00:25,752 ERROR [com.e2e.dc.service.impl.SendEventImpl] - Connect Failed",1+,2
54478,"E2E:2018-12-25 21:01:10,178 ERROR [com.e2e.dc.service.impl.SendEventImpl] - Connect Failed",1+,2
54479,"E2E:2018-12-25 21:00:17,439 ERROR [com.e2e.dc.service.impl.SendEventImpl] - Connect Failed",1+,2
54480,"E2E:2018-12-25 21:01:14,086 ERROR [com.e2e.dc.service.impl.SendEventImpl] - Connect Failed",1+,2
54481,"E2E:2018-12-25 21:00:10,354 ERROR [com.e2e.dc.service.impl.SendEventImpl] - Connect Failed",1+,2
54482,"E2E:2018-12-25 21:00:38,583 ERROR [com.e2e.dc.service.impl.SendEventImpl] - Connect Failed",1+,2
54483,"E2E:2018-12-25 21:01:10,357 ERROR [com.e2e.dc.service.impl.SendEventImpl] - Connect Failed",1+,2
54484,"E2E:2018-12-25 20:59:38,580 ERROR [com.e2e.dc.service.impl.SendEventImpl] - Connect Failed",1+,2
54485,"E2E:2018-12-25 20:59:40,353 ERROR [com.e2e.dc.service.impl.SendEventImpl] - Connect Failed",1+,2
54486,"E2E:2018-12-25 20:59:47,449 ERROR [com.e2e.dc.service.impl.SendEventImpl] - Connect Failed",1+,2
54487,"E2E:2018-12-25 21:00:40,176 ERROR [com.e2e.dc.service.impl.SendEventImpl] - Connect Failed",1+,2
54488,"E2E:2018-12-25 21:01:17,441 ERROR [com.e2e.dc.service.impl.SendEventImpl] - Connect Failed",1+,2
54489,"E2E:2018-12-25 20:59:55,751 ERROR [com.e2e.dc.service.impl.SendEventImpl] - Connect Failed",1+,2
54490,"E2E:2018-12-25 21:00:17,451 ERROR [com.e2e.dc.service.impl.SendEventImpl] - Connect Failed",1+,2
54491,"E2E:2018-12-25 21:00:47,453 ERROR [com.e2e.dc.service.impl.SendEventImpl] - Connect Failed",1+,2
54492,"E2E:2018-12-25 20:59:44,081 ERROR [com.e2e.dc.service.impl.SendEventImpl] - Connect Failed",1+,2
54493,"E2E:2018-12-25 20:59:40,172 ERROR [com.e2e.dc.service.impl.SendEventImpl] - Connect Failed",1+,2
54494,"E2E:2018-12-25 21:00:08,581 ERROR [com.e2e.dc.service.impl.SendEventImpl] - Connect Failed",1+,2
54495,"E2E:2018-12-25 21:00:12,395 ERROR [com.e2e.dc.service.impl.SendEventImpl] - Connect Failed",1+,2
54496,"E2E:2018-12-25 21:00:47,440 ERROR [com.e2e.dc.service.impl.SendEventImpl] - Connect Failed",1+,2
54497,"E2E:2018-12-25 21:00:55,761 ERROR [com.e2e.dc.service.impl.SendEventImpl] - Connect Failed",1+,2
54498,"E2E:2018-12-25 21:00:44,084 ERROR [com.e2e.dc.service.impl.SendEventImpl] - Connect Failed",1+,2
54499,"E2E:2018-12-25 21:01:08,584 ERROR [com.e2e.dc.service.impl.SendEventImpl] - Connect Failed",1+,2
54500,端到端:ERROR CN streamsjob status not running!,10+,9
54501,端到端:ERROR OVERSEA streamsjob healthy not good!,10+,9
54502,端到端:ERROR OVERSEA streamsjob status not running!,10+,9
54503,端到端:ERROR CN streamsjob healthy not good!,10+,9
54504,"E2E:2018-12-25 22:20:14,316 ERROR [com.e2e.dc.service.impl.GetLogDataImpl] - Got SQL exception : java.sql.SQLException: ORA-12592: TNS:bad packet",10+,9
54505,23.55.31 J0111415 *IEF099I JOB G01S663B WAITING FOR DATA SETS,1+,0
54506,00.48.48 S0093013  DSNR035I  -DP31 DSNRPBCW WARNING - UNCOMMITTED UR AFTER 3 CHECKPOINTS - CORRELATION NAME = SS160006 -           CONNECTION ID  = UTILITY -           LUWID = BOCHQP.DP31APPL.D56EBAAE66C6 = 7094 -           PLAN N,10+,9
54507,01.43.01 J0116583 *IEF099I JOB P1ZOSDL  WAITING FOR DATA SETS,1+,0
54508,01.38.53 CP2D J0196877 *IEF099I JOB TMZ60000 WAITING FOR DATA SETS,1+,0
54509,01.27.03 S0093536 *DSNB319A  -DP41 DSNB1CNE THERE IS A SHORTAGE OF SPACE *IN GROUP BUFFER POOL GBP3,1+,8
54510,01.05.01 CP3B J0103527 *IEF099I JOB SMFMRGCI WAITING FOR DATA SETS,1+,0
54511,01.05.02 J0115908 *IEF099I JOB SMFMRGDB WAITING FOR DATA SETS,1+,0
54512,01.05.03 J0115909 *IEF099I JOB SMFMRGCI WAITING FOR DATA SETS,1+,0
54513,02.41.29 S0092559  BZTPJSTRCS0 SEV=WAR ALL Jobname: EDGJSLU1 (CondCode > 4) OR (Abend Code <> '')         带库管理软件地址空间及批量备份作业返回码监控,10+,9
54514,02.30.22 J0128561 *IEF099I JOB P1CICSDL WAITING FOR DATA SETS,1+,0
54515,02.15.01 CP3B J0110055 *IEF099I JOB RMFRPTD3 WAITING FOR DATA SETS,1+,0
54516,"02.09.39 CP2B           IOS080I 42E1,4B,RI51MITD, I/O TIMEOUT INTERVAL HAS BEEN EXCEEDED FOR AN ACTIVE REQUEST. DATASET NAME=PRDCBSR.LVEQ.RP.RPTDZFSM.RI51C15D",1+,4
54517,03.11.02 CP2A J0028068 *IEF099I JOB C4CARD01 WAITING FOR DATA SETS,1+,0
54518,"04.56.35 S0092567  DSNB356I  -DP1C DSNB5SCO FOR GROUP BUFFER POOL GBP2, THE CONDITION THAT CAUSED THE PREVIOUS DSNB355I MESSAGE DOES NOT CURRENTLY EXIST. - PREVIOUS PAGE LEVEL   = 00D56EF1B6F04D000000 04:47:34 DEC 26, 2018 - CURRE",10+,8
54519,04.31.28 CP3C J0126393 *IEF099I JOB DEDPGBU4 WAITING FOR DATA SETS,1+,0
54520,04.13.07 J0133263 *IEF099I JOB G01S506B WAITING FOR DATA SETS,1+,0
54521,05.45.48 J0134805 *IEF099I JOB A01M9251 WAITING FOR DATA SETS,1+,0
54522,05.22.14 J0134588 *IEF099I JOB AXBKOUT  WAITING FOR DATA SETS,1+,0
54523,05.05.49 J0133863  +DBA:BANCS BIG SEGMENT TS FOUND!TSLMVU HAS 21 DATASETS(MAX 32) SYSJOB,1+,1
54524,05.05.48 J0133863  +DBA:BANCS BIG SEGMENT TS FOUND!TSGPIS HAS 20 DATASETS(MAX 32) SYSJOB,1+,1
54525,05.05.49 J0133863  +DBA:BANCS BIG SEGMENT TS FOUND!TSSPYO HAS 28 DATASETS(MAX 32) SYSJOB,1+,1
54526,05.04.46 J0133863  +DBA:BANCS BIG PARTITION TS FOUND!TSINCT PART 398 85.7% INUSE SYSJOB,1+,6
54527,05.04.45 J0133863  +DBA:BANCS BIG PARTITION TS FOUND!TSINCT PART 348 86.9% INUSE SYSJOB,1+,6
54528,05.04.44 J0133863  +DBA:BANCS BIG PARTITION TS FOUND!TSINCT PART 338 86.3% INUSE SYSJOB,1+,6
54529,05.04.44 J0133863  +DBA:BANCS BIG PARTITION TS FOUND!TSINCT PART 343 87.0% INUSE SYSJOB,1+,6
54530,05.04.43 J0133863  +DBA:BANCS BIG PARTITION TS FOUND!TSINCT PART 328 86.6% INUSE SYSJOB,1+,6
54531,05.04.38 J0133863  +DBA:BANCS BIG PARTITION TS FOUND!TSINCT PART 123 89.1% INUSE SYSJOB,1+,6
54532,05.04.11 J0134165  +DBA:EISS BIG SEGMENT TS FOUND!CGEN050P HAS 21 DATASETS(MAX 32) SYSJOB,1+,1
54533,05.04.11 J0134165  +DBA:EISS BIG SEGMENT TS FOUND!CGEN245P HAS 24 DATASETS(MAX 32) SYSJOB,1+,1
54534,05.04.11 J0134165  +DBA:EISS BIG SEGMENT TS FOUND!CGEN263P HAS 22 DATASETS(MAX 32) SYSJOB,1+,1
54535,05.04.11 J0134165  +DBA:EISS BIG SEGMENT TS FOUND!CGEN048P HAS 20 DATASETS(MAX 32) SYSJOB,1+,1
54536,08.13.44 J0136476 *IEF099I JOB G00S077B WAITING FOR DATA SETS,1+,0
54537,08.06.31 CP2D S0007542  BSOEXTPDSS0 SEV=WAR CP2C Data Set: SYS0.MLIB.PARMLIB EXTENTS = 16 (Exts > 12),1+,9
54538,09.40.28 S0093402  DSNR035I  -DP21 DSNRPBCW WARNING - UNCOMMITTED UR AFTER 3 CHECKPOINTS - CORRELATION NAME = TF000602 -           CONNECTION ID  = BATCH -           LUWID = BOCHQP.DP21APPL.D56F315908D2 = 174759 -           PLAN N,10+,9
54539,"10.24.29 CP2A S0187815  DSNP007I  -DP11 DSNPXTN0 - EXTEND FAILED FOR DSNDP01S.DSNDBD.DP11WORK.DSN32K20.I0001.A001. RC=00D70027 -            CONNECTION-ID=BATCH, CORRELATION-ID=XREF261, -            LUW-ID=DSNDP01.DP11APPL.D56F3C11",10+,9
54540,12.20.12 S0093536  DSNR035I  -DP41 DSNRPBCW WARNING - UNCOMMITTED UR AFTER 3 CHECKPOINTS - CORRELATION NAME = NS200028 -           CONNECTION ID  = UTILITY -           LUWID = BOCHQP.DP41APPL.D56F54A9F358 = 23340 -           PLAN,10+,9
54541,15.43.49 CP2A J0052580 *IEF099I JOB YX0001S  WAITING FOR DATA SETS,1+,0
54542,15.37.14 J0170338 *IEF099I JOB SQL530   WAITING FOR DATA SETS,1+,0
54543,20.00.08 J0196300 *IEF099I JOB G0GETPHX WAITING FOR DATA SETS,1+,0
54544,21.15.36 J0197703  +DBA:BANCS BIG SEGMENT TS FOUND!TSGPIS HAS 20 DATASETS(MAX 32) SYSJOB,1+,1
54545,21.15.36 J0197703  +DBA:BANCS BIG SEGMENT TS FOUND!TSLMVU HAS 21 DATASETS(MAX 32) SYSJOB,1+,1
54546,21.15.36 J0197703  +DBA:BANCS BIG SEGMENT TS FOUND!TSSPYO HAS 28 DATASETS(MAX 32) SYSJOB,1+,1
54547,21.14.25 J0197703  +DBA:BANCS BIG PARTITION TS FOUND!TSGECT PART 98 70.2% INUSE SYSJOB,1+,6
54548,21.12.46 J0197775 *IEF099I JOB NA100009 WAITING FOR DATA SETS,1+,0
54549,21.04.10 J0197647  +DBA:EISS BIG SEGMENT TS FOUND!CGEN263P HAS 22 DATASETS(MAX 32) SYSJOB,1+,1
54550,21.04.10 J0197647  +DBA:EISS BIG SEGMENT TS FOUND!CGEN048P HAS 20 DATASETS(MAX 32) SYSJOB,1+,1
54551,21.04.10 J0197647  +DBA:EISS BIG SEGMENT TS FOUND!CGEN050P HAS 21 DATASETS(MAX 32) SYSJOB,1+,1
54552,21.04.10 J0197647  +DBA:EISS BIG SEGMENT TS FOUND!CGEN245P HAS 24 DATASETS(MAX 32) SYSJOB,1+,1
54553,21.04.10 J0197647  +DBA:EISS BIG SEGMENT TS FOUND!CGEN246P HAS 21 DATASETS(MAX 32) SYSJOB,1+,1
54554,"E2E:2018-12-26 22:19:46,411 ERROR [com.e2e.dc.service.impl.GetLogDataImpl] - Got SQL exception : java.sql.SQLException: ORA-12592: TNS:bad packet",10+,9
54555,23.11.44 S0093401  DSNR035I  -DP61 DSNRPBCW WARNING - UNCOMMITTED UR AFTER 3 CHECKPOINTS - CORRELATION NAME = EI604401 -           CONNECTION ID  = BATCH -           LUWID = BOCHQP.DP61APPL.D56FE7F99BD5 = 2638 -           PLAN NAM,10+,9
54556,00.43.46 S0093402  DSNR035I  -DP21 DSNRPBCW WARNING - UNCOMMITTED UR AFTER 3 CHECKPOINTS - CORRELATION NAME = SS160023 -           CONNECTION ID  = UTILITY -           LUWID = BOCHQP.DP21APPL.D56FFB0B4039 = 113860 -           PLAN,10+,9
54557,00.34.48 J0010188 *IEF099I JOB SA060000 WAITING FOR DATA SETS,1+,0
54558,*01.39.26 J0015118 *IEF099I JOB P1ZOSDL  WAITING FOR DATA SETS,1+,0
54559,01.39.26 J0015118 *IEF099I JOB P1ZOSDL  WAITING FOR DATA SETS,1+,0
54560,01.31.26 CP2A J0066265 *IEF099I JOB TMZ60000 WAITING FOR DATA SETS,1+,0
54561,01.18.42 S0093401 *DSNB319A  -DP61 DSNB1CNE THERE IS A SHORTAGE OF SPACE *IN GROUP BUFFER POOL GBP3,1+,8
54562,01.05.02 CP3B J0016371 *IEF099I JOB SMFMRGCI WAITING FOR DATA SETS,1+,0
54563,"01.05.02 J0014445 *IEF099I JOB SMFMRGCI WAITING FOR DATA SETS DECEMBER 27, 2018",1+,0
54564,01.00.07 CP3D J0015148 *IEF099I JOB SMFMRGOS WAITING FOR DATA SETS,1+,0
54565,02.59.17 CP2A J0097352 *IEF099I JOB C4CARD01 WAITING FOR DATA SETS,1+,0
54566,*02.59.17 CP2A J0097352 *IEF099I JOB C4CARD01 WAITING FOR DATA SETS,1+,0
54567,02.47.47 S0093401 *DSNB319A  -DP61 DSNB1CNE THERE IS A SHORTAGE OF SPACE *IN GROUP BUFFER POOL GBP32K1,1+,8
54568,02.15.04 CP3A J0023052 *IEF099I JOB RMFRPTD3 WAITING FOR DATA SETS,1+,0
54569,02.12.52 J0027003 *IEF099I JOB P1CICSDL WAITING FOR DATA SETS,1+,0
54570,"02.07.13 CP2C           IOS080I 58CC,76,C4042133, I/O TIMEOUT INTERVAL HAS BEEN EXCEEDED FOR AN ACTIVE REQUEST. DATASET NAME=PRDC64R.LVEQ.ET.ETQD2042.A1303 FROM S0037766 TP2C",1+,4
54571,"03.47.14 CP2D           IOS080I 4BF3,70,ZZ221303, I/O TIMEOUT INTERVAL HAS BEEN EXCEEDED FOR AN ACTIVE REQUEST. DATASET NAME=PRDDEDPR.SPLIT.INVM.UL871303",1+,4
54572,03.03.37 CP3C S0048685  BZTPJSTRCS0 SEV=WAR ALL Jobname: EDGJSLU3 (CondCode > 4) OR (Abend Code <> '')         带库管理软件地址空间及批量备份作业返回码监控,10+,9
54573,04.46.37 J0032344 *IEF099I JOB G01S506B WAITING FOR DATA SETS,1+,0
54574,04.31.52 CP3D J0039268 *IEF099I JOB DEDPG1U4 WAITING FOR DATA SETS,1+,0
54575,04.31.48 CP3C J0039251 *IEF099I JOB DEDPGBU4 WAITING FOR DATA SETS,1+,0
54576,04.24.59 CP3C J0037948 *IEF099I JOB DEDPAE31 WAITING FOR DATA SETS,1+,0
54577,04.24.53 CP3C J0037929 *IEF099I JOB DEDPAB31 WAITING FOR DATA SETS,1+,0
54578,04.00.01 J0030763 *IEF099I JOB G01SUOCR WAITING FOR DATA SETS,1+,0
54579,05.53.36 J0033665 *IEF099I JOB A01M9258 WAITING FOR DATA SETS,1+,0
54580,05.27.28 J0033377 *IEF099I JOB AXBKOUT  WAITING FOR DATA SETS,1+,0
54581,05.22.19 S0093383  BSSTRGRUPS1 SEV=WAR CP1D SG: SGIMGDP CURRENT: 86.10 (Enabled%Full >= 85),10+,9
54582,"05.09.57 CP2B          *IXC585E STRUCTURE LOGRECSTRUCTURE IN COUPLING * FACILITY BCC2C2, *PHYSICAL STRUCTURE VERSION D3C53696 F18B86E4, *IS AT OR ABOVE STRUCTURE FULL MONITORING THRESHOLD OF 80%: *   SPACE USAGE     IN-USE       T",1+,8
54583,05.05.24 J0032641  +DBA:BANCS BIG SEGMENT TS FOUND!TSGPIS HAS 20 DATASETS(MAX 32) SYSJOB,1+,1
54584,05.05.25 J0032641  +DBA:BANCS BIG SEGMENT TS FOUND!TSSPYO HAS 28 DATASETS(MAX 32) SYSJOB,1+,1
54585,05.05.24 J0032641  +DBA:BANCS BIG SEGMENT TS FOUND!TSLMVU HAS 21 DATASETS(MAX 32) SYSJOB,1+,1
54586,05.04.12 J0032735  +DBA:EISS BIG SEGMENT TS FOUND!CGEN246P HAS 21 DATASETS(MAX 32) SYSJOB,1+,1
54587,05.04.12 J0032735  +DBA:EISS BIG SEGMENT TS FOUND!CGEN050P HAS 21 DATASETS(MAX 32) SYSJOB,1+,1
54588,05.04.12 J0032735  +DBA:EISS BIG SEGMENT TS FOUND!CGEN245P HAS 24 DATASETS(MAX 32) SYSJOB,1+,1
54589,05.04.12 J0032735  +DBA:EISS BIG SEGMENT TS FOUND!CGEN048P HAS 20 DATASETS(MAX 32) SYSJOB,1+,1
54590,05.03.55 J0032641  +DBA:BANCS BIG PARTITION TS FOUND!TSGECT PART 98 70.2% INUSE SYSJOB,1+,6
54591,07.30.10 J0034782 *IEF099I JOB G01S260B WAITING FOR DATA SETS,1+,0
54592,07.30.10 J0034784 *IEF099I JOB G01S126B WAITING FOR DATA SETS,1+,0
54593,07.30.06 J0034775 *IEF099I JOB G01S192B WAITING FOR DATA SETS,1+,0
54594,07.30.04 J0034769 *IEF099I JOB G01S310B WAITING FOR DATA SETS,1+,0
54595,07.05.04 S0093383  BSVOLDSNSS0 SEV=WAR CP1D Volser: P12F35 TotalDSNs:10188 (TotalDSNs > 10000),1+,3
54596,07.05.04 CP2D S0007542  BSVOLDSNSS0 SEV=WAR CP2D Volser: P12678 TotalDSNs:10204 (TotalDSNs > 10000),1+,3
54597,07.05.04 S0093383  BSVOLDSNSS0 SEV=WAR CP1D Volser: P12778 TotalDSNs:10227 (TotalDSNs > 10000),1+,3
54598,07.05.04 CP2D S0007542  BSVOLDSNSS0 SEV=WAR CP2D Volser: P12F37 TotalDSNs:10067 (TotalDSNs > 10000),1+,3
54599,07.05.04 CP2D S0007542  BSVOLDSNSS0 SEV=WAR CP2D Volser: P12092 TotalDSNs:10269 (TotalDSNs > 10000) TotalDSNs:10002 (TotalDSNs > 10000),1+,3
54600,07.05.04 S0093383  BSVOLDSNSS0 SEV=WAR CP1D Volser: P12779 TotalDSNs:10213 (TotalDSNs > 10000),1+,3
54601,07.05.04 CP2D S0007542  BSVOLDSNSS0 SEV=WAR CP2D Volser: P12090 TotalDSNs:10009 (TotalDSNs > 10000),1+,3
54602,07.05.04 CP2D S0007542  BSVOLDSNSS0 SEV=WAR CP2D Volser: PP2D35 TotalDSNs:10154 (TotalDSNs > 10000),1+,3
54603,07.05.04 S0093383  BSVOLDSNSS0 SEV=WAR CP1D Volser: P12E37 TotalDSNs:10136 (TotalDSNs > 10000),1+,3
54604,07.05.04 CP2D S0007542  BSVOLDSNSS0 SEV=WAR CP2D Volser: P12190 TotalDSNs:10211 (TotalDSNs > 10000),1+,3
54605,07.05.04 S0093383  BSVOLDSNSS0 SEV=WAR CP1D Volser: P1277A TotalDSNs:10282 (TotalDSNs > 10000),1+,3
54606,07.05.04 CP2D S0007542  BSVOLDSNSS0 SEV=WAR CP2D Volser: P12091 TotalDSNs:10169 (TotalDSNs > 10000),1+,3
54607,07.05.04 CP2D S0007542  BSVOLDSNSS0 SEV=WAR CP2D Volser: P12192 TotalDSNs:10272 (TotalDSNs > 10000),1+,3
54608,07.05.04 CP2D S0007542  BSVOLDSNSS0 SEV=WAR CP2D Volser: P12191 TotalDSNs:10032 (TotalDSNs > 10000),1+,3
54609,07.05.04 CP2D S0007542  BSVOLDSNSS0 SEV=WAR CP2D Volser: P12779 TotalDSNs:10129 (TotalDSNs > 10000),1+,3
54610,07.05.04 CP2D S0007542  BSVOLDSNSS0 SEV=WAR CP2D Volser: P12E37 TotalDSNs:10057 (TotalDSNs > 10000),1+,3
54611,07.05.04 CP2D S0007542  BSVOLDSNSS0 SEV=WAR CP2D Volser: P12F35 TotalDSNs:10090 (TotalDSNs > 10000),1+,3
54612,07.05.04 CP2D S0007542  BSVOLDSNSS0 SEV=WAR CP2D Volser: P12291 TotalDSNs:10167 (TotalDSNs > 10000),1+,3
54613,07.05.04 CP2D S0007542  BSVOLDSNSS0 SEV=WAR CP2D Volser: P12778 TotalDSNs:10141 (TotalDSNs > 10000),1+,3
54614,07.05.04 CP2D S0007542  BSVOLDSNSS0 SEV=WAR CP2D Volser: PP2D37 TotalDSNs:10061 (TotalDSNs > 10000),1+,3
54615,07.05.04 CP2D S0007542  BSVOLDSNSS0 SEV=WAR CP2D Volser: P1277A TotalDSNs:10195 (TotalDSNs > 10000),1+,3
54616,07.05.04 S0093383  BSVOLDSNSS0 SEV=WAR CP1D Volser: PP2D37 TotalDSNs:10157 (TotalDSNs > 10000),1+,3
54617,07.05.04 S0093383  BSVOLDSNSS0 SEV=WAR CP1D Volser: P12291 TotalDSNs:10257 (TotalDSNs > 10000),1+,3
54618,07.05.04 S0093383  BSVOLDSNSS0 SEV=WAR CP1D Volser: P12E36 TotalDSNs:10217 (TotalDSNs > 10000),1+,3
54619,07.05.04 CP2D S0007542  BSVOLDSNSS0 SEV=WAR CP2D Volser: P12E36 TotalDSNs:10133 (TotalDSNs > 10000),1+,3
54620,07.05.04 S0093383  BSVOLDSNSS0 SEV=WAR CP1D Volser: P12091 TotalDSNs:10263 (TotalDSNs > 10000),1+,3
54621,07.05.04 S0093383  BSVOLDSNSS0 SEV=WAR CP1D Volser: P12F37 TotalDSNs:10126 (TotalDSNs > 10000),1+,3
54622,07.05.04 S0093383  BSVOLDSNSS0 SEV=WAR CP1D Volser: P12290 TotalDSNs:10012 (TotalDSNs > 10000),1+,3
54623,07.05.04 S0093383  BSVOLDSNSS0 SEV=WAR CP1D Volser: PP2D35 TotalDSNs:10241 (TotalDSNs > 10000) TotalDSNs:10299 (TotalDSNs > 10000),1+,3
54624,07.05.04 S0093383  BSVOLDSNSS0 SEV=WAR CP1D Volser: P12191 TotalDSNs:10118 (TotalDSNs > 10000),1+,3
54625,07.05.04 S0093383  BSVOLDSNSS0 SEV=WAR CP1D Volser: P1267A TotalDSNs:10076 (TotalDSNs > 10000),1+,3
54626,07.05.04 S0093383  BSVOLDSNSS0 SEV=WAR CP1D Volser: P12190 TotalDSNs:10317 (TotalDSNs > 10000),1+,3
54627,07.05.04 S0093383  BSVOLDSNSS0 SEV=WAR CP1D Volser: P12090 TotalDSNs:10092 (TotalDSNs > 10000),1+,3
54628,07.05.04 S0093383  BSVOLDSNSS0 SEV=WAR CP1D Volser: P12F36 TotalDSNs:10064 (TotalDSNs > 10000),1+,3
54629,07.05.04 S0093383  BSVOLDSNSS0 SEV=WAR CP1D Volser: P12192 TotalDSNs:10360 (TotalDSNs > 10000),1+,3
54630,07.05.04 S0093383  BSVOLDSNSS0 SEV=WAR CP1D Volser: P12092 TotalDSNs:10346 (TotalDSNs > 10000) TotalDSNs:10066 (TotalDSNs > 10000),1+,3
54631,07.03.52 J0034350 *IEF099I JOB G0FSP008 WAITING FOR DATA SETS,1+,0
54632,08.06.29 CP2D S0007542  BSOEXTPDSS0 SEV=WAR CP2C Data Set: SYS0.MLIB.PARMLIB EXTENTS = 16 (Exts > 12),1+,9
54633,10.16.03 S0092559  BZTPJSTRCS0 SEV=WAR ALL Jobname: EDGJSLU1 (CondCode > 4) OR (Abend Code <> '')         带库管理软件地址空间及批量备份作业返回码监控,10+,9
54634,10.12.05 S0092559  BZTPJSTRCS0 SEV=WAR ALL Jobname: EDGJSLU1 (CondCode > 4) OR (Abend Code <> '')         带库管理软件地址空间及批量备份作业返回码监控,10+,9
54635,10.09.07 S0092559  BZTPJSTRCS0 SEV=WAR ALL Jobname: EDGJSLU1 (CondCode > 4) OR (Abend Code <> '')         带库管理软件地址空间及批量备份作业返回码监控,10+,9
54636,11.09.35 S0092559  BZTPJSTRCS0 SEV=WAR ALL Jobname: EDGJSLU1 (CondCode > 4) OR (Abend Code <> '')         带库管理软件地址空间及批量备份作业返回码监控,10+,9
54637,12.24.11 S0093537  DSNR035I  -DP81 DSNRPBCW WARNING - UNCOMMITTED UR AFTER 3 CHECKPOINTS - CORRELATION NAME = NS200035 -           CONNECTION ID  = UTILITY -           LUWID = BOCHQP.DP81APPL.D57096822B42 = 85431 -           PLAN,10+,9
54638,14.01.47 J0059798 *IEF099I JOB IXTEMP   WAITING FOR DATA SETS,1+,0
54639,15.56.31 J0072945 *IEF099I JOB DB2SEL1  WAITING FOR DATA SETS BUFFER POOLS,1+,0
54640,15.51.42 J0072375 *IEF099I JOB CXCTEMP  WAITING FOR DATA SETS,1+,0
54641,15.49.09 S0092559  BZTPJSTRCS0 SEV=WAR ALL Jobname: EDGJSLU1 (CondCode > 4) OR (Abend Code <> '')         带库管理软件地址空间及批量备份作业返回码监控,10+,9
54642,15.44.57 J0071322 *IEF099I JOB CKSISCDS WAITING FOR DATA SETS,1+,0
54643,15.43.39 J0071304 *IEF099I JOB SMSRPTP1 WAITING FOR DATA SETS,1+,0
54644,15.43.16 J0071299 *IEF099I JOB CKSISCDS WAITING FOR DATA SETS,1+,0
54645,15.42.15 J0071273 *IEF099I JOB SMSRPTP1 WAITING FOR DATA SETS,1+,0
54646,"18.44.29 J0095306 *IEF099I JOB SENDHSKP WAITING FOR DATA SETS Scratch of volume UH0427 requested by host via device 0D1D, dsn='.BKINCTC.CA160414'",100+,0
54647,四 12月 27 19:55:01 CST 2018 Netcool主机监控出现异常,10+,9
54648,21.19.48 J0100590 *IEF099I JOB NMFLAGRP WAITING FOR DATA SETS,1+,0
54649,21.14.55 J0100455  +DBA:BANCS BIG SEGMENT TS FOUND!TSSPYO HAS 28 DATASETS(MAX 32) SYSJOB,1+,1
54650,21.14.55 J0100455  +DBA:BANCS BIG SEGMENT TS FOUND!TSLMVU HAS 21 DATASETS(MAX 32) SYSJOB,1+,1
54651,21.14.55 J0100455  +DBA:BANCS BIG SEGMENT TS FOUND!TSGPIS HAS 20 DATASETS(MAX 32) SYSJOB,1+,1
54652,21.13.41 J0100455  +DBA:BANCS BIG PARTITION TS FOUND!TSGECT PART 98 70.4% INUSE SYSJOB,1+,6
54653,21.11.37 J0100526 *IEF099I JOB NA100006 WAITING FOR DATA SETS,1+,0
54654,21.04.11 J0100336  +DBA:EISS BIG SEGMENT TS FOUND!CGEN048P HAS 20 DATASETS(MAX 32) SYSJOB,1+,1
54655,21.04.11 J0100336  +DBA:EISS BIG SEGMENT TS FOUND!CGEN263P HAS 22 DATASETS(MAX 32) SYSJOB,1+,1
54656,21.04.11 J0100336  +DBA:EISS BIG SEGMENT TS FOUND!CGEN246P HAS 21 DATASETS(MAX 32) SYSJOB,1+,1
54657,21.04.11 J0100336  +DBA:EISS BIG SEGMENT TS FOUND!CGEN245P HAS 24 DATASETS(MAX 32) SYSJOB,1+,1
54658,21.04.11 J0100336  +DBA:EISS BIG SEGMENT TS FOUND!CGEN050P HAS 21 DATASETS(MAX 32) SYSJOB,1+,1
54659,22.34.29 S0093011  DSNR035I  -DP71 DSNRPBCW WARNING - UNCOMMITTED UR AFTER 3 CHECKPOINTS - CORRELATION NAME = EH460002 -           CONNECTION ID  = BATCH -           PLAN NAME = DBCI1600 -           AUTHID = TWSP -           END U,10+,9
54660,"E2E:2018-12-27 22:19:15,050 ERROR [com.e2e.dc.service.impl.GetLogDataImpl] - Got SQL exception : java.sql.SQLException: ORA-12592: TNS:bad packet",10+,9
54661,23.48.03 J0112522 *IEF099I JOB G01S663B WAITING FOR DATA SETS,1+,0
54662,00.34.49 J0112782 *IEF099I JOB SA060000 WAITING FOR DATA SETS,1+,0
54663,01.34.04 CP2A J0135230 *IEF099I JOB TMZ60000 WAITING FOR DATA SETS,1+,0
54664,01.05.02 CP3B J0129686 *IEF099I JOB SMFMRGCI WAITING FOR DATA SETS,1+,0
54665,01.05.04 J0116966 *IEF099I JOB SMFMRGCI WAITING FOR DATA SETS @ PRODUCT WILL EXPIRE IN 05 DAYS,1+,0
54666,02.15.01 CP3A J0135902 *IEF099I JOB RMFRPTD3 WAITING FOR DATA SETS FROM S0142752 TPZ2,1+,0
54667,"02.07.21 CP2A           IOS080I 4CFB,C0,C4042231, I/O TIMEOUT INTERVAL HAS BEEN EXCEEDED FOR AN ACTIVE REQUEST. DATASET NAME=PRDC64R.LVEQ.ET.ETQD2042.A2301",1+,4
54668,03.37.56 J0133080 *IEF099I JOB G01S506B WAITING FOR DATA SETS,1+,0
54669,03.00.00 J0132805 *IEF099I JOB G01SUOCR WAITING FOR DATA SETS,1+,0
54670,"04.32.05 CP3D J0153076 *IEF099I JOB DEDPG1S5 WAITING FOR DATA SETS COMPLETE VOLUME LIST, DSN=BKYP.L.A.AB.TSINXP.P00002.D181227.H20,VOLS=D56203,TOTALBLOCKS=5",100+,0
54671,04.31.57 CP3C J0153069 *IEF099I JOB DEDPG1U4 WAITING FOR DATA SETS,1+,0
54672,05.23.39 J0136388 *IEF099I JOB AXBKOUT  WAITING FOR DATA SETS,1+,0
54673,05.22.15 S0093383  BSSTRGRUPS1 SEV=WAR CP1D SG: SGIMGDP CURRENT: 85.60 (Enabled%Full >= 85),10+,9
54674,05.07.04 J0135801  +DBA:BANCS BIG SEGMENT TS FOUND!TSGPIS HAS 20 DATASETS(MAX 32) SYSJOB,1+,1
54675,05.07.04 J0135801  +DBA:BANCS BIG SEGMENT TS FOUND!TSLMVU HAS 21 DATASETS(MAX 32) SYSJOB,1+,1
54676,05.07.04 J0135801  +DBA:BANCS BIG SEGMENT TS FOUND!TSSPYO HAS 29 DATASETS(MAX 32) SYSJOB,1+,1
54677,05.05.26 J0135801  +DBA:BANCS BIG PARTITION TS FOUND!TSGECT PART 98 70.4% INUSE SYSJOB,1+,6
54678,05.04.11 J0135877  +DBA:EISS BIG SEGMENT TS FOUND!CGEN245P HAS 24 DATASETS(MAX 32) SYSJOB,1+,1
54679,05.04.11 J0135877  +DBA:EISS BIG SEGMENT TS FOUND!CGEN050P HAS 21 DATASETS(MAX 32) SYSJOB,1+,1
54680,05.04.11 J0135877  +DBA:EISS BIG SEGMENT TS FOUND!CGEN048P HAS 20 DATASETS(MAX 32) SYSJOB,1+,1
54681,05.04.11 J0135877  +DBA:EISS BIG SEGMENT TS FOUND!CGEN263P HAS 22 DATASETS(MAX 32) SYSJOB,1+,1
54682,05.04.11 J0135877  +DBA:EISS BIG SEGMENT TS FOUND!CGEN246P HAS 21 DATASETS(MAX 32) SYSJOB,1+,1
54683,06.32.06 J0137184 *IEF099I JOB G0FSP008 WAITING FOR DATA SETS,1+,0
54684,07.05.04 CP2D S0007542  BSVOLDSNSS0 SEV=WAR CP2D Volser: P12192 TotalDSNs:10086 (TotalDSNs > 10000),1+,3
54685,07.05.00 S0093383  BSVOLDSNSS0 SEV=WAR CP1D Volser: PP2D37 TotalDSNs:10095 (TotalDSNs > 10000),1+,3
54686,07.05.00 S0093383  BSVOLDSNSS0 SEV=WAR CP1D Volser: P12678 TotalDSNs:10041 (TotalDSNs > 10000),1+,3
54687,07.05.00 S0093383  BSVOLDSNSS0 SEV=WAR CP1D Volser: P12779 TotalDSNs:10101 (TotalDSNs > 10000),1+,3
54688,07.05.00 S0093383  BSVOLDSNSS0 SEV=WAR CP1D Volser: PP2D35 TotalDSNs:10018 (TotalDSNs > 10000),1+,3
54689,07.05.00 S0093383  BSVOLDSNSS0 SEV=WAR CP1D Volser: P12190 TotalDSNs:10086 (TotalDSNs > 10000),1+,3
54690,07.05.00 S0093383  BSVOLDSNSS0 SEV=WAR CP1D Volser: P12E37 TotalDSNs:10065 (TotalDSNs > 10000),1+,3
54691,07.05.00 S0093383  BSVOLDSNSS0 SEV=WAR CP1D Volser: P12679 TotalDSNs:10003 (TotalDSNs > 10000),1+,3
54692,07.05.00 S0093383  BSVOLDSNSS0 SEV=WAR CP1D Volser: P12192 TotalDSNs:10222 (TotalDSNs > 10000),1+,3
54693,07.05.00 S0093383  BSVOLDSNSS0 SEV=WAR CP1D Volser: P12E36 TotalDSNs:10017 (TotalDSNs > 10000),1+,3
54694,07.05.00 S0093383  BSVOLDSNSS0 SEV=WAR CP1D Volser: P12092 TotalDSNs:10051 (TotalDSNs > 10000),1+,3
54695,07.02.58 S0093003  BQAPPQDEPS0 SEV=WAR QWP2 NamedQueue: APPISN.MI.WBIFN.SENDQ CURRENT DEPTH:2942 (CurrentDepth >= 2000),10+,9
54696,08.06.31 CP2D S0007542  BSOEXTPDSS0 SEV=WAR CP2C Data Set: SYS0.MLIB.PARMLIB EXTENTS = 16 (Exts > 12),1+,9
54697,10.20.18 J0146911 *IEF099I JOB G01S583B WAITING FOR DATA SETS,1+,0
54698,12.25.43 S0093401  DSNR035I  -DP61 DSNRPBCW WARNING - UNCOMMITTED UR AFTER 3 CHECKPOINTS - CORRELATION NAME = NS200008 -           CONNECTION ID  = UTILITY -           LUWID = BOCHQP.DP61APPL.D571D86FB926 = 77044 -           PLAN,10+,9
54699,14.19.07 J0168409 *IEF099I JOB SUM01    WAITING FOR DATA SETS,1+,0
54700,16.45.12 J0191721 *IEF099I JOB G02NOCAH WAITING FOR DATA SETS,1+,0
54701,18.19.28 J0006126 *IEF099I JOB G01S583B WAITING FOR DATA SETS,1+,0
54702,21.15.08 J0013608  +DBA:BANCS BIG SEGMENT TS FOUND!TSGPIS HAS 20 DATASETS(MAX 32) SYSJOB,1+,1
54703,21.15.08 J0013608  +DBA:BANCS BIG SEGMENT TS FOUND!TSSPYO HAS 29 DATASETS(MAX 32) SYSJOB,1+,1
54704,21.15.08 J0013608  +DBA:BANCS BIG SEGMENT TS FOUND!TSLMVU HAS 21 DATASETS(MAX 32) SYSJOB,1+,1
54705,21.13.34 J0013608  +DBA:BANCS BIG PARTITION TS FOUND!TSGECT PART 98 70.7% INUSE SYSJOB,1+,6
54706,21.11.50 J0013685 *IEF099I JOB NA100006 WAITING FOR DATA SETS,1+,0
54707,21.04.11 J0013521  +DBA:EISS BIG SEGMENT TS FOUND!CGEN048P HAS 20 DATASETS(MAX 32) SYSJOB,1+,1
54708,21.04.11 J0013521  +DBA:EISS BIG SEGMENT TS FOUND!CGEN050P HAS 21 DATASETS(MAX 32) SYSJOB,1+,1
54709,21.04.11 J0013521  +DBA:EISS BIG SEGMENT TS FOUND!CGEN246P HAS 21 DATASETS(MAX 32) SYSJOB,1+,1
54710,21.04.11 J0013521  +DBA:EISS BIG SEGMENT TS FOUND!CGEN245P HAS 24 DATASETS(MAX 32) SYSJOB,1+,1
54711,21.04.11 J0013521  +DBA:EISS BIG SEGMENT TS FOUND!CGEN263P HAS 22 DATASETS(MAX 32) SYSJOB,1+,1
54712,21.01.13 J0013510  +DBA:EISS BIG SEGMENT TS FOUND!CGEN758P HAS 20 DATASETS(MAX 32) SYSJOB,1+,1
54713,00.26.25 S0092569  DSNR035I  -DP51 DSNRPBCW WARNING - UNCOMMITTED UR AFTER 3 CHECKPOINTS - CORRELATION NAME = ME980000 -           CONNECTION ID  = DB2CALL -           LUWID = BOCHQP.DP51APPL.D57275797931 = 61030 -           PLAN,10+,9
54714,00.04.21 J0025769 *IEF099I JOB G01S663B WAITING FOR DATA SETS,1+,0
54715,01.41.45 J0031229 *IEF099I JOB P1ZOSDL  WAITING FOR DATA SETS,1+,0
54716,01.40.13 J0031222 *IEF099I JOB G01S506B WAITING FOR DATA SETS,1+,0
54717,01.34.51 CP2B J0004522 *IEF099I JOB TMZ60000 WAITING FOR DATA SETS,1+,0
54718,01.05.04 CP3B J0043563 *IEF099I JOB SMFMRGCI WAITING FOR DATA SETS,1+,0
54719,01.05.04 J0030347 *IEF099I JOB SMFMRGCI WAITING FOR DATA SETS,1+,0
54720,01.00.08 CP3D J0042486 *IEF099I JOB SMFMRGOS WAITING FOR DATA SETS started connection 21.125.2.4,1+,0
54721,01.00.16 J0030277 *IEF099I JOB G01S023B WAITING FOR DATA SETS,1+,0
54722,02.29.34 J0043350 *IEF099I JOB P1CICSDL WAITING FOR DATA SETS,1+,0
54723,02.15.02 CP3B J0050100 *IEF099I JOB RMFRPTD3 WAITING FOR DATA SETS,1+,0
54724,03.55.39 CP3A S0005755  DSNB355I  -DP1Z DSNB5SCO GROUP BUFFER POOL GBP32K1 RECOVERY LRSN VALUES MIGHT CAUSE A DELAY IN GRECP RECOVERY. PAGE LEVEL   = 00D572AB72B432000000 -                    MEMBER LEVEL = 00D572ABB3090D147600 -,10+,8
54725,"03.55.33 CP3B          *IXC585E STRUCTURE DSNDP0Z_GBP32K1 IN COUPLING * FACILITY BCC1C5, *PHYSICAL STRUCTURE VERSION D53F0745 74BC9AA0, *IS AT OR ABOVE STRUCTURE FULL MONITORING THRESHOLD OF 90%: *   SPACE USAGE     IN-USE       T",1+,8
54726,"03.54.13 CP2C           IOS080I 5ABD,7C,AM300030, I/O TIMEOUT INTERVAL HAS BEEN EXCEEDED FOR AN ACTIVE REQUEST. DATASET NAME=PRDC64R.LVEQ.TEMP.AM203010.S01",1+,4
54727,03.53.31 CP3B S0006883 *DSNB325A  -DP2Z DSNB1CNE THERE IS A CRITICAL * SHORTAGE *OF SPACE IN GROUP BUFFER POOL GBP32K1-SEC,1+,8
54728,03.53.11 CP3B S0006883 *DSNB319A  -DP2Z DSNB1CNE THERE IS A SHORTAGE OF * SPACE *IN GROUP BUFFER POOL GBP32K1-SEC,1+,8
54729,03.30.02 CP2C J0036377 *IEF099I JOB C4CARD00 WAITING FOR DATA SETS,1+,0
54730,03.24.44 S0093013 *DSNB319A  -DP31 DSNB1CNE THERE IS A SHORTAGE OF SPACE *IN GROUP BUFFER POOL GBP32K1,1+,8
54731,03.06.19 S0093536 *DSNB325A  -DP41 DSNB1CNE THERE IS A CRITICAL SHORTAGE *OF SPACE IN GROUP BUFFER POOL GBP32K1,1+,8
54732,04.13.28 CP3D J0061935 *IEF099I JOB DEDPAE23 WAITING FOR DATA SETS,1+,0
54733,04.13.11 CP3D J0061846 *IEF099I JOB DEDPAB23 WAITING FOR DATA SETS,1+,0
54734,05.18.24 J0049144 *IEF099I JOB G0FSP008 WAITING FOR DATA SETS,1+,0
54735,05.08.02 J0048639  +DBA:BANCS BIG SEGMENT TS FOUND!TSGPIS HAS 20 DATASETS(MAX 32) SYSJOB,1+,1
54736,05.08.02 J0048639  +DBA:BANCS BIG SEGMENT TS FOUND!TSLMVU HAS 21 DATASETS(MAX 32) SYSJOB,1+,1
54737,05.08.02 J0048639  +DBA:BANCS BIG SEGMENT TS FOUND!TSSPYO HAS 29 DATASETS(MAX 32) SYSJOB,1+,1
54738,05.06.09 J0048639  +DBA:BANCS BIG PARTITION TS FOUND!TSGECT PART 98 70.7% INUSE SYSJOB,1+,6
54739,05.04.12 J0048709  +DBA:EISS BIG SEGMENT TS FOUND!CGEN246P HAS 21 DATASETS(MAX 32) SYSJOB,1+,1
54740,05.04.12 J0048709  +DBA:EISS BIG SEGMENT TS FOUND!CGEN048P HAS 41 DATASETS(MAX 32) SYSJOB,1+,1
54741,05.04.12 J0048709  +DBA:EISS BIG SEGMENT TS FOUND!CGEN245P HAS 24 DATASETS(MAX 32) SYSJOB,1+,1
54742,05.04.12 J0048709  +DBA:EISS BIG SEGMENT TS FOUND!CGEN050P HAS 32 DATASETS(MAX 32) SYSJOB,1+,1
54743,05.04.12 J0048709  +DBA:EISS BIG SEGMENT TS FOUND!CGEN263P HAS 22 DATASETS(MAX 32) SYSJOB,1+,1
54744,05.01.12 J0048683  +DBA:EISS BIG SEGMENT TS FOUND!CGEN758P HAS 20 DATASETS(MAX 32) SYSJOB,1+,1
54745,07.34.23 CP3D S0049241  BSOEXTPDSS0 SEV=WAR CP3C Data Set: SYS0.MLIB.PARMLIB EXTENTS = 14 (Exts > 12),1+,9
54746,07.26.56 J0050754 *IEF099I JOB AXBKOUT  WAITING FOR DATA SETS,1+,0
54747,07.05.00 S0093383  BSVOLDSNSS0 SEV=WAR CP1D Volser: P12190 TotalDSNs:10816 (TotalDSNs > 10000),1+,3
54748,07.05.00 S0093383  BSVOLDSNSS0 SEV=WAR CP1D Volser: P12090 TotalDSNs:10927 (TotalDSNs > 10000) TotalDSNs:10761 (TotalDSNs > 10000),1+,3
54749,07.05.00 S0093383  BSVOLDSNSS0 SEV=WAR CP1D Volser: PP2D35 TotalDSNs:10721 (TotalDSNs > 10000),1+,3
54750,07.05.00 S0093383  BSVOLDSNSS0 SEV=WAR CP1D Volser: P12678 TotalDSNs:10735 (TotalDSNs > 10000),1+,3
54751,07.05.00 S0093383  BSVOLDSNSS0 SEV=WAR CP1D Volser: P1267A TotalDSNs:10810 (TotalDSNs > 10000),1+,3
54752,07.05.00 S0093383  BSVOLDSNSS0 SEV=WAR CP1D Volser: P12091 TotalDSNs:10747 (TotalDSNs > 10000),1+,3
54753,07.05.00 S0093383  BSVOLDSNSS0 SEV=WAR CP1D Volser: P12290 TotalDSNs:10787 (TotalDSNs > 10000),1+,3
54754,07.05.00 S0093383  BSVOLDSNSS0 SEV=WAR CP1D Volser: P12191 TotalDSNs:10673 (TotalDSNs > 10000),1+,3
54755,07.05.01 CP2D S0007542  BSVOLDSNSS0 SEV=WAR CP2D Volser: P12679 TotalDSNs:10815 (TotalDSNs > 10000),1+,3
54756,07.05.01 CP2D S0007542  BSVOLDSNSS0 SEV=WAR CP2D Volser: PP2D37 TotalDSNs:10812 (TotalDSNs > 10000),1+,3
54757,07.05.01 CP2D S0007542  BSVOLDSNSS0 SEV=WAR CP2D Volser: P12292 TotalDSNs:10652 (TotalDSNs > 10000),1+,3
54758,07.05.01 CP2D S0007542  BSVOLDSNSS0 SEV=WAR CP2D Volser: P12092 TotalDSNs:10639 (TotalDSNs > 10000),1+,3
54759,07.05.01 CP2D S0007542  BSVOLDSNSS0 SEV=WAR CP2D Volser: P12E35 TotalDSNs:10543 (TotalDSNs > 10000),1+,3
54760,07.05.01 CP2D S0007542  BSVOLDSNSS0 SEV=WAR CP2D Volser: P12F36 TotalDSNs:10745 (TotalDSNs > 10000),1+,3
54761,07.05.01 CP2D S0007542  BSVOLDSNSS0 SEV=WAR CP2D Volser: P1267A TotalDSNs:10685 (TotalDSNs > 10000),1+,3
54762,07.05.01 CP2D S0007542  BSVOLDSNSS0 SEV=WAR CP2D Volser: P1277A TotalDSNs:10653 (TotalDSNs > 10000),1+,3
54763,07.05.01 CP2D S0007542  BSVOLDSNSS0 SEV=WAR CP2D Volser: P12291 TotalDSNs:10582 (TotalDSNs > 10000),1+,3
54764,07.05.01 CP2D S0007542  BSVOLDSNSS0 SEV=WAR CP2D Volser: P12678 TotalDSNs:10623 (TotalDSNs > 10000),1+,3
54765,07.05.01 CP2D S0007542  BSVOLDSNSS0 SEV=WAR CP2D Volser: P12E37 TotalDSNs:10802 (TotalDSNs > 10000),1+,3
54766,07.05.01 CP2D S0007542  BSVOLDSNSS0 SEV=WAR CP2D Volser: P12091 TotalDSNs:10638 (TotalDSNs > 10000),1+,3
54767,07.05.01 CP2D S0007542  BSVOLDSNSS0 SEV=WAR CP2D Volser: PP2D35 TotalDSNs:10605 (TotalDSNs > 10000),1+,3
54768,07.05.01 CP2D S0007542  BSVOLDSNSS0 SEV=WAR CP2D Volser: P12192 TotalDSNs:10968 (TotalDSNs > 10000),1+,3
54769,07.05.01 CP2D S0007542  BSVOLDSNSS0 SEV=WAR CP2D Volser: P12E36 TotalDSNs:10666 (TotalDSNs > 10000),1+,3
54770,07.05.01 CP2D S0007542  BSVOLDSNSS0 SEV=WAR CP2D Volser: P12F35 TotalDSNs:10587 (TotalDSNs > 10000),1+,3
54771,07.05.01 CP2D S0007542  BSVOLDSNSS0 SEV=WAR CP2D Volser: P12778 TotalDSNs:10666 (TotalDSNs > 10000) TotalDSNs:10639 (TotalDSNs > 10000),1+,3
54772,07.05.00 S0093383  BSVOLDSNSS0 SEV=WAR CP1D Volser: P12E37 TotalDSNs:10918 (TotalDSNs > 10000),1+,3
54773,07.05.00 S0093383  BSVOLDSNSS0 SEV=WAR CP1D Volser: P12778 TotalDSNs:10749 (TotalDSNs > 10000) TotalDSNs:10717 (TotalDSNs > 10000),1+,3
54774,07.05.01 CP2D S0007542  BSVOLDSNSS0 SEV=WAR CP2D Volser: P12290 TotalDSNs:10642 (TotalDSNs > 10000),1+,3
54775,07.05.00 S0093383  BSVOLDSNSS0 SEV=WAR CP1D Volser: P12E35 TotalDSNs:10663 (TotalDSNs > 10000),1+,3
54776,07.05.00 S0093383  BSVOLDSNSS0 SEV=WAR CP1D Volser: P12E36 TotalDSNs:10761 (TotalDSNs > 10000),1+,3
54777,07.05.00 S0093383  BSVOLDSNSS0 SEV=WAR CP1D Volser: P12192 TotalDSNs:11094 (TotalDSNs > 10000),1+,3
54778,07.05.00 S0093383  BSVOLDSNSS0 SEV=WAR CP1D Volser: P12F35 TotalDSNs:10720 (TotalDSNs > 10000),1+,3
54779,07.05.00 S0093383  BSVOLDSNSS0 SEV=WAR CP1D Volser: P1277A TotalDSNs:10782 (TotalDSNs > 10000),1+,3
54780,07.05.01 CP2D S0007542  BSVOLDSNSS0 SEV=WAR CP2D Volser: P12090 TotalDSNs:10795 (TotalDSNs > 10000),1+,3
54781,07.05.01 CP2D S0007542  BSVOLDSNSS0 SEV=WAR CP2D Volser: P12191 TotalDSNs:10594 (TotalDSNs > 10000),1+,3
54782,07.05.00 S0093383  BSVOLDSNSS0 SEV=WAR CP1D Volser: P12F36 TotalDSNs:10877 (TotalDSNs > 10000),1+,3
54783,07.05.01 CP2D S0007542  BSVOLDSNSS0 SEV=WAR CP2D Volser: P12190 TotalDSNs:10689 (TotalDSNs > 10000),1+,3
54784,07.05.00 S0093383  BSVOLDSNSS0 SEV=WAR CP1D Volser: P12679 TotalDSNs:10951 (TotalDSNs > 10000),1+,3
54785,07.05.00 S0093383  BSVOLDSNSS0 SEV=WAR CP1D Volser: P12291 TotalDSNs:10708 (TotalDSNs > 10000),1+,3
54786,07.05.00 S0093383  BSVOLDSNSS0 SEV=WAR CP1D Volser: P12F37 TotalDSNs:10639 (TotalDSNs > 10000),1+,3
54787,07.05.00 S0093383  BSVOLDSNSS0 SEV=WAR CP1D Volser: P12092 TotalDSNs:10768 (TotalDSNs > 10000),1+,3
54788,07.05.00 S0093383  BSVOLDSNSS0 SEV=WAR CP1D Volser: PP2D37 TotalDSNs:10946 (TotalDSNs > 10000),1+,3
54789,07.05.01 CP2D S0007542  BSVOLDSNSS0 SEV=WAR CP2D Volser: P12F37 TotalDSNs:10502 (TotalDSNs > 10000),1+,3
54790,08.06.29 CP2D S0007542  BSOEXTPDSS0 SEV=WAR CP2C Data Set: SYS0.MLIB.PARMLIB EXTENTS = 16 (Exts > 12),1+,9
54791,11.22.22 CP3D S0059824 *DSNB319A  -DP2Y DSNB1CNE THERE IS A SHORTAGE OF * SPACE *IN GROUP BUFFER POOL GBP0,1+,8
54792,12.45.17 S0093401  DSNR035I  -DP61 DSNRPBCW WARNING - UNCOMMITTED UR AFTER 3 CHECKPOINTS - CORRELATION NAME = TF003302 -           CONNECTION ID  = BATCH -           LUWID = BOCHQP.DP61APPL.D5731FD62A3D = 92926 -           PLAN NA,10+,9
54793,21.15.43 J0123797  +DBA:BANCS BIG SEGMENT TS FOUND!TSGPIS HAS 20 DATASETS(MAX 32) SYSJOB,1+,1
54794,21.15.43 J0123797  +DBA:BANCS BIG SEGMENT TS FOUND!TSLMVU HAS 21 DATASETS(MAX 32) SYSJOB,1+,1
54795,21.15.43 J0123797  +DBA:BANCS BIG SEGMENT TS FOUND!TSSPYO HAS 29 DATASETS(MAX 32) SYSJOB,1+,1
54796,21.14.30 J0123797  +DBA:BANCS BIG PARTITION TS FOUND!TSGECT PART 98 71.0% INUSE SYSJOB,1+,6
54797,21.11.35 J0123863 *IEF099I JOB NA100006 WAITING FOR DATA SETS,1+,0
54798,21.04.11 J0123722  +DBA:EISS BIG SEGMENT TS FOUND!CGEN263P HAS 22 DATASETS(MAX 32) SYSJOB,1+,1
54799,21.04.11 J0123722  +DBA:EISS BIG SEGMENT TS FOUND!CGEN246P HAS 21 DATASETS(MAX 32) SYSJOB,1+,1
54800,21.04.11 J0123722  +DBA:EISS BIG SEGMENT TS FOUND!CGEN048P HAS 21 DATASETS(MAX 32) SYSJOB,1+,1
54801,21.04.11 J0123722  +DBA:EISS BIG SEGMENT TS FOUND!CGEN050P HAS 21 DATASETS(MAX 32) SYSJOB,1+,1
54802,21.04.11 J0123722  +DBA:EISS BIG SEGMENT TS FOUND!CGEN245P HAS 24 DATASETS(MAX 32) SYSJOB,1+,1
54803,21.01.11 J0123684  +DBA:EISS BIG SEGMENT TS FOUND!CGEN758P HAS 20 DATASETS(MAX 32) SYSJOB,1+,1
54804,23.24.06 J0134791 *IEF099I JOB G01S663B WAITING FOR DATA SETS,1+,0
54805,00.46.20 S0093402  DSNR035I  -DP21 DSNRPBCW WARNING - UNCOMMITTED UR AFTER 3 CHECKPOINTS - CORRELATION NAME = SS160019 -           CONNECTION ID  = UTILITY -           LUWID = BOCHQP.DP21APPL.D573C0A75C8A = 25568 -           PLAN,10+,9
54806,00.34.51 J0136496 *IEF099I JOB SA060000 WAITING FOR DATA SETS,1+,0
54807,00.16.18 J0136294 *IEF099I JOB G01S023B WAITING FOR DATA SETS,1+,0
54808,01.56.36 S0093400  DSNR035I  -DPW1 DSNRPBCW WARNING - UNCOMMITTED UR AFTER 6 CHECKPOINTS - CORRELATION NAME = DELSWMSG -           CONNECTION ID  = BATCH -           LUWID = BOCHQP.DPW1APPL.D573CD1FC0C8 = 82957 -           PLAN NA,10+,9
54809,01.38.09 J0141687 *IEF099I JOB P1ZOSDL  WAITING FOR DATA SETS,1+,0
54810,01.32.01 CP2C J0073661 *IEF099I JOB TMZ60000 WAITING FOR DATA SETS,1+,0
54811,"01.24.46 CP2C           IOS080I 5ADD,50,UMA63700, I/O TIMEOUT INTERVAL HAS BEEN EXCEEDED FOR AN ACTIVE REQUEST. DATASET NAME=PRDDEDPR.SPLIT.RPYV.UPA63701.PR37",1+,4
54812,01.18.48 S0093402 *DSNB319A  -DP21 DSNB1CNE THERE IS A SHORTAGE OF SPACE *IN GROUP BUFFER POOL GBP3,1+,8
54813,01.05.02 CP3B J0156430 *IEF099I JOB SMFMRGCI WAITING FOR DATA SETS,1+,0
54814,01.05.03 J0140799 *IEF099I JOB SMFMRGCI WAITING FOR DATA SETS,1+,0
54815,01.00.06 CP3D J0155294 *IEF099I JOB SMFMRGOS WAITING FOR DATA SETS,1+,0
54816,02.45.58 S0093400  DSNR035I  -DPW1 DSNRPBCW WARNING - UNCOMMITTED UR AFTER 18 CHECKPOINTS - CORRELATION NAME = DELSWMSG -           CONNECTION ID  = BATCH -           LUWID = BOCHQP.DPW1APPL.D573CD1FC0C8 = 82957 -           PLAN N,1+,9
54817,02.15.05 CP3A J0163230 *IEF099I JOB RMFRPTD3 WAITING FOR DATA SETS,1+,0
54818,02.13.31 J0148346 *IEF099I JOB P1CICSDL WAITING FOR DATA SETS,1+,0
54819,"02.07.27 CP2A           IOS080I 4CB1,C0,C4041351, I/O TIMEOUT INTERVAL HAS BEEN EXCEEDED FOR AN ACTIVE REQUEST. DATASET NAME=PRDC64R.LVEQ.ET.ETQD2041.A3501",1+,4
54820,03.13.04 J0156734 *IEF099I JOB G0FSP008 WAITING FOR DATA SETS,1+,0
54821,03.09.55 J0156712 *IEF099I JOB G01UL133 WAITING FOR DATA SETS,1+,0
54822,04.31.27 CP3C J0179651 *IEF099I JOB DEDPDEU4 WAITING FOR DATA SETS,1+,0
54823,05.22.15 S0093383  BSSTRGRUPS1 SEV=WAR CP1D SG: SGIMGDP CURRENT: 85.80 (Enabled%Full >= 85),10+,9
54824,05.18.51 J0159851 *IEF099I JOB AXBKOUT  WAITING FOR DATA SETS,1+,0
54825,05.06.28 J0159010  +DBA:BANCS BIG SEGMENT TS FOUND!TSGPIS HAS 20 DATASETS(MAX 32) SYSJOB,1+,1
54826,05.06.28 J0159010  +DBA:BANCS BIG SEGMENT TS FOUND!TSSPYO HAS 29 DATASETS(MAX 32) SYSJOB,1+,1
54827,05.06.28 J0159010  +DBA:BANCS BIG SEGMENT TS FOUND!TSLMVU HAS 21 DATASETS(MAX 32) SYSJOB,1+,1
54828,05.04.46 J0159010  +DBA:BANCS BIG PARTITION TS FOUND!TSGECT PART 98 71.0% INUSE SYSJOB,1+,6
54829,05.04.12 J0159296  +DBA:EISS BIG SEGMENT TS FOUND!CGEN263P HAS 22 DATASETS(MAX 32) SYSJOB,1+,1
54830,05.04.12 J0159296  +DBA:EISS BIG SEGMENT TS FOUND!CGEN246P HAS 21 DATASETS(MAX 32) SYSJOB,1+,1
54831,05.04.12 J0159296  +DBA:EISS BIG SEGMENT TS FOUND!CGEN048P HAS 21 DATASETS(MAX 32) SYSJOB,1+,1
54832,05.04.12 J0159296  +DBA:EISS BIG SEGMENT TS FOUND!CGEN245P HAS 24 DATASETS(MAX 32) SYSJOB,1+,1
54833,05.04.12 J0159296  +DBA:EISS BIG SEGMENT TS FOUND!CGEN050P HAS 21 DATASETS(MAX 32) SYSJOB,1+,1
54834,05.01.14 J0159053  +DBA:EISS BIG SEGMENT TS FOUND!CGEN758P HAS 20 DATASETS(MAX 32) SYSJOB,1+,1
54835,"06.57.36 CP2B          *IXC585E STRUCTURE LOGRECSTRUCTURE IN COUPLING * FACILITY BCC2C2, *PHYSICAL STRUCTURE VERSION D3C53696 F18B86E4, *IS AT OR ABOVE STRUCTURE FULL MONITORING THRESHOLD OF 80%: *   SPACE USAGE     IN-USE       T",1+,8
54836,07.34.23 CP3D S0049241  BSOEXTPDSS0 SEV=WAR CP3C Data Set: SYS0.MLIB.PARMLIB EXTENTS = 14 (Exts > 12),1+,9
54837,07.05.01 CP2D S0007542  BSVOLDSNSS0 SEV=WAR CP2D Volser: PP2D35 TotalDSNs:11156 (TotalDSNs > 10000),1+,3
54838,07.05.01 CP2D S0007542  BSVOLDSNSS0 SEV=WAR CP2D Volser: P12679 TotalDSNs:11292 (TotalDSNs > 10000),1+,3
54839,07.05.01 CP2D S0007542  BSVOLDSNSS0 SEV=WAR CP2D Volser: P12F35 TotalDSNs:11137 (TotalDSNs > 10000),1+,3
54840,07.05.01 CP2D S0007542  BSVOLDSNSS0 SEV=WAR CP2D Volser: P1267A TotalDSNs:11176 (TotalDSNs > 10000),1+,3
54841,07.05.01 CP2D S0007542  BSVOLDSNSS0 SEV=WAR CP2D Volser: P12291 TotalDSNs:11075 (TotalDSNs > 10000),1+,3
54842,07.05.01 CP2D S0007542  BSVOLDSNSS0 SEV=WAR CP2D Volser: P12192 TotalDSNs:11258 (TotalDSNs > 10000),1+,3
54843,07.05.01 CP2D S0007542  BSVOLDSNSS0 SEV=WAR CP2D Volser: P12290 TotalDSNs:11135 (TotalDSNs > 10000),1+,3
54844,07.05.01 CP2D S0007542  BSVOLDSNSS0 SEV=WAR CP2D Volser: P1277A TotalDSNs:11200 (TotalDSNs > 10000),1+,3
54845,07.05.01 CP2D S0007542  BSVOLDSNSS0 SEV=WAR CP2D Volser: P12190 TotalDSNs:11081 (TotalDSNs > 10000),1+,3
54846,07.05.01 CP2D S0007542  BSVOLDSNSS0 SEV=WAR CP2D Volser: P12F37 TotalDSNs:11135 (TotalDSNs > 10000),1+,3
54847,07.05.01 CP2D S0007542  BSVOLDSNSS0 SEV=WAR CP2D Volser: P12E36 TotalDSNs:11025 (TotalDSNs > 10000),1+,3
54848,07.05.01 CP2D S0007542  BSVOLDSNSS0 SEV=WAR CP2D Volser: P12E35 TotalDSNs:11165 (TotalDSNs > 10000),1+,3
54849,07.05.01 CP2D S0007542  BSVOLDSNSS0 SEV=WAR CP2D Volser: PP2D37 TotalDSNs:11209 (TotalDSNs > 10000),1+,3
54850,07.05.01 CP2D S0007542  BSVOLDSNSS0 SEV=WAR CP2D Volser: P12E37 TotalDSNs:11153 (TotalDSNs > 10000),1+,3
54851,07.05.01 CP2D S0007542  BSVOLDSNSS0 SEV=WAR CP2D Volser: P12090 TotalDSNs:11256 (TotalDSNs > 10000),1+,3
54852,07.05.01 CP2D S0007542  BSVOLDSNSS0 SEV=WAR CP2D Volser: P12091 TotalDSNs:11215 (TotalDSNs > 10000),1+,3
54853,07.05.01 CP2D S0007542  BSVOLDSNSS0 SEV=WAR CP2D Volser: P12779 TotalDSNs:11054 (TotalDSNs > 10000) TotalDSNs:11095 (TotalDSNs > 10000),1+,3
54854,07.05.01 CP2D S0007542  BSVOLDSNSS0 SEV=WAR CP2D Volser: P12F36 TotalDSNs:11116 (TotalDSNs > 10000),1+,3
54855,07.05.01 CP2D S0007542  BSVOLDSNSS0 SEV=WAR CP2D Volser: P12191 TotalDSNs:10980 (TotalDSNs > 10000),1+,3
54856,07.05.01 CP2D S0007542  BSVOLDSNSS0 SEV=WAR CP2D Volser: P12678 TotalDSNs:11128 (TotalDSNs > 10000),1+,3
54857,07.05.01 CP2D S0007542  BSVOLDSNSS0 SEV=WAR CP2D Volser: P12778 TotalDSNs:11047 (TotalDSNs > 10000),1+,3
54858,07.05.01 CP2D S0007542  BSVOLDSNSS0 SEV=WAR CP2D Volser: P12292 TotalDSNs:11153 (TotalDSNs > 10000),1+,3
54859,07.05.00 S0093383  BSVOLDSNSS0 SEV=WAR CP1D Volser: P12E36 TotalDSNs:11113 (TotalDSNs > 10000),1+,3
54860,07.05.00 S0093383  BSVOLDSNSS0 SEV=WAR CP1D Volser: P1277A TotalDSNs:11293 (TotalDSNs > 10000),1+,3
54861,07.05.00 S0093383  BSVOLDSNSS0 SEV=WAR CP1D Volser: P12779 TotalDSNs:11146 (TotalDSNs > 10000),1+,3
54862,07.05.00 S0093383  BSVOLDSNSS0 SEV=WAR CP1D Volser: PP2D37 TotalDSNs:11311 (TotalDSNs > 10000),1+,3
54863,07.05.00 S0093383  BSVOLDSNSS0 SEV=WAR CP1D Volser: P12291 TotalDSNs:11179 (TotalDSNs > 10000),1+,3
54864,07.05.00 S0093383  BSVOLDSNSS0 SEV=WAR CP1D Volser: P12778 TotalDSNs:11110 (TotalDSNs > 10000),1+,3
54865,07.05.00 S0093383  BSVOLDSNSS0 SEV=WAR CP1D Volser: P12E37 TotalDSNs:11271 (TotalDSNs > 10000),1+,3
54866,07.05.00 S0093383  BSVOLDSNSS0 SEV=WAR CP1D Volser: P12F35 TotalDSNs:11242 (TotalDSNs > 10000),1+,3
54867,07.05.00 S0093383  BSVOLDSNSS0 SEV=WAR CP1D Volser: P12091 TotalDSNs:11320 (TotalDSNs > 10000) Volume FG1792 (/tapelibPRODHSH/DD1_POOL02_FS3/FG1792) already scratched,10+,3
54868,07.05.00 S0093383  BSVOLDSNSS0 SEV=WAR CP1D Volser: P12092 TotalDSNs:11188 (TotalDSNs > 10000) TotalDSNs:11394 (TotalDSNs > 10000),1+,3
54869,07.05.00 S0093383  BSVOLDSNSS0 SEV=WAR CP1D Volser: P12090 TotalDSNs:11348 (TotalDSNs > 10000),1+,3
54870,07.05.00 S0093383  BSVOLDSNSS0 SEV=WAR CP1D Volser: P12F37 TotalDSNs:11229 (TotalDSNs > 10000),1+,3
54871,07.05.00 S0093383  BSVOLDSNSS0 SEV=WAR CP1D Volser: P1267A TotalDSNs:11305 (TotalDSNs > 10000),1+,3
54872,07.05.00 S0093383  BSVOLDSNSS0 SEV=WAR CP1D Volser: P12290 TotalDSNs:11209 (TotalDSNs > 10000),1+,3
54873,07.05.00 S0093383  BSVOLDSNSS0 SEV=WAR CP1D Volser: P12191 TotalDSNs:11075 (TotalDSNs > 10000),1+,3
54874,07.05.00 S0093383  BSVOLDSNSS0 SEV=WAR CP1D Volser: PP2D35 TotalDSNs:11269 (TotalDSNs > 10000),1+,3
54875,07.05.00 S0093383  BSVOLDSNSS0 SEV=WAR CP1D Volser: P12F36 TotalDSNs:11224 (TotalDSNs > 10000),1+,3
54876,07.05.00 S0093383  BSVOLDSNSS0 SEV=WAR CP1D Volser: P12678 TotalDSNs:11246 (TotalDSNs > 10000),1+,3
54877,07.05.00 S0093383  BSVOLDSNSS0 SEV=WAR CP1D Volser: P12192 TotalDSNs:11360 (TotalDSNs > 10000),1+,3
54878,07.05.00 S0093383  BSVOLDSNSS0 SEV=WAR CP1D Volser: P12292 TotalDSNs:11251 (TotalDSNs > 10000),1+,3
54879,07.05.00 S0093383  BSVOLDSNSS0 SEV=WAR CP1D Volser: P12190 TotalDSNs:11197 (TotalDSNs > 10000),1+,3
54880,"06.26.40 CP2B          *IXC585E STRUCTURE LOGRECSTRUCTURE IN COUPLING * FACILITY BCC2C2, *PHYSICAL STRUCTURE VERSION D3C53696 F18B86E4, *IS AT OR ABOVE STRUCTURE FULL MONITORING THRESHOLD OF 80%: *   SPACE USAGE     IN-USE       T",1+,8
54881,"08.27.21 CP2C          *IOS450E 0E7D,66, PERMANENT I/O, PATH TAKEN OFFLINE",100+,9
54882,08.06.29 CP2D S0007542  BSOEXTPDSS0 SEV=WAR CP2C Data Set: SYS0.MLIB.PARMLIB EXTENTS = 16 (Exts > 12),1+,9
54883,12.30.00 S0092569  DSNR035I  -DP51 DSNRPBCW WARNING - UNCOMMITTED UR AFTER 3 CHECKPOINTS - CORRELATION NAME = NS200023 -           CONNECTION ID  = UTILITY -           LUWID = BOCHQP.DP51APPL.D5745C1A3C3F = 117904 -           AUTH,10+,9
54884,21.15.38 J0174993  +DBA:BANCS BIG SEGMENT TS FOUND!TSGPIS HAS 20 DATASETS(MAX 32) SYSJOB,1+,1
54885,21.15.38 J0174993  +DBA:BANCS BIG SEGMENT TS FOUND!TSLMVU HAS 21 DATASETS(MAX 32) SYSJOB,1+,1
54886,21.15.38 J0174993  +DBA:BANCS BIG SEGMENT TS FOUND!TSSPYO HAS 29 DATASETS(MAX 32) SYSJOB,1+,1
54887,21.14.31 J0174993  +DBA:BANCS BIG PARTITION TS FOUND!TSGECT PART 98 71.0% INUSE SYSJOB operations at the source table should be replicated (value of - CAPTURE_LOAD column in the IBMQREP_SUBS control table).,100+,9
54888,21.14.31 J0174993  +DBA:BANCS BIG PARTITION TS FOUND!TSGECT PART 98 71.0% INUSE SYSJOB,1+,6
54889,21.11.02 J0175051 *IEF099I JOB NA100006 WAITING FOR DATA SETS,1+,0
54890,21.04.11 J0174922  +DBA:EISS BIG SEGMENT TS FOUND!CGEN263P HAS 22 DATASETS(MAX 32) SYSJOB,1+,1
54891,21.04.11 J0174922  +DBA:EISS BIG SEGMENT TS FOUND!CGEN246P HAS 21 DATASETS(MAX 32) SYSJOB,1+,1
54892,21.04.11 J0174922  +DBA:EISS BIG SEGMENT TS FOUND!CGEN048P HAS 21 DATASETS(MAX 32) SYSJOB,1+,1
54893,21.04.11 J0174922  +DBA:EISS BIG SEGMENT TS FOUND!CGEN050P HAS 21 DATASETS(MAX 32) SYSJOB,1+,1
54894,21.04.11 J0174922  +DBA:EISS BIG SEGMENT TS FOUND!CGEN245P HAS 24 DATASETS(MAX 32) SYSJOB,1+,1
54895,21.01.11 J0174910  +DBA:EISS BIG SEGMENT TS FOUND!CGEN758P HAS 20 DATASETS(MAX 32) SYSJOB,1+,1
54896,22.16.12 J0175671 *IEF099I JOB G01S663B WAITING FOR DATA SETS,1+,0
54897,23.49.15 J0187280 *IEF099I JOB G01S023B WAITING FOR DATA SETS GEN NOT SUPPORTED,1+,0
54898,00.35.08 J0187720 *IEF099I JOB SA040000 WAITING FOR DATA SETS,1+,0
54899,00.11.25 J0187455 *IEF099I JOB G01S506B WAITING FOR DATA SETS,1+,0
54900,00.01.01 J0187415 *IEF099I JOB G01SUOCR WAITING FOR DATA SETS,1+,0
54901,"00.00.48 S0092569  DSNB356I  -DP51 DSNB5SCO FOR GROUP BUFFER POOL GBP32K1, THE CONDITION THAT CAUSED THE PREVIOUS DSNB355I MESSAGE DOES NOT CURRENTLY EXIST. - PREVIOUS PAGE LEVEL   = 00D574F9008E6A000000 23:52:07 DEC 30, 2018 - CU",10+,8
54902,01.33.39 J0193193 *IEF099I JOB P1ZOSDL  WAITING FOR DATA SETS,1+,0
54903,01.22.50 CP2A J0142962 *IEF099I JOB TMZ60000 WAITING FOR DATA SETS,1+,0
54904,"01.11.30 CP2A           IOS080I 14C7,90,UMC23200, I/O TIMEOUT INTERVAL HAS BEEN EXCEEDED FOR AN ACTIVE REQUEST. DATASET NAME=PRDDEDPR.SPLIT.JNAL.UPC20076.PR32",1+,4
54905,"01.05.02 CP3B J0069760 *IEF099I JOB SMFMRGCI WAITING FOR DATA SETS MONDAY, DECEMBER 31, 2018",1+,0
54906,01.05.02 J0192110 *IEF099I JOB SMFMRGCI WAITING FOR DATA SETS,1+,0
54907,01.00.06 CP3D J0068539 *IEF099I JOB SMFMRGOS WAITING FOR DATA SETS,1+,0
54908,02.56.20 S0093013 *DSNB319A  -DP31 DSNB1CNE THERE IS A SHORTAGE OF SPACE *IN GROUP BUFFER POOL GBP32K1,1+,8
54909,02.51.06 CP2C J0173858 *IEF099I JOB C4CARD01 WAITING FOR DATA SETS,1+,0
54910,02.24.47 J0004841 *IEF099I JOB G01UL133 WAITING FOR DATA SETS,1+,0
54911,02.04.22 J0004606 *IEF099I JOB P1CICSDL WAITING FOR DATA SETS,1+,0
54912,"03.48.56 CP3B          *IXC585E STRUCTURE DSNDP0Z_GBP28 IN COUPLING * FACILITY BCC1C5, *PHYSICAL STRUCTURE VERSION D53F0738 E5CC22A5, *IS AT OR ABOVE STRUCTURE FULL MONITORING THRESHOLD OF 90%: *   SPACE USAGE     IN-USE       TOT",1+,8
54913,03.47.41 CP3B S0006883 *DSNB325A  -DP2Z DSNB1CNE THERE IS A CRITICAL * SHORTAGE *OF SPACE IN GROUP BUFFER POOL GBP28-SEC,1+,8
54914,03.47.11 CP3B S0006883 *DSNB319A  -DP2Z DSNB1CNE THERE IS A SHORTAGE OF * SPACE *IN GROUP BUFFER POOL GBP28-SEC,1+,8
54915,05.13.35 J0010111 *IEF099I JOB AXBKOUT  WAITING FOR DATA SETS FROM J0192861 TFDR0107,1+,0
54916,05.05.02 J0009904  +DBA:BANCS BIG SEGMENT TS FOUND!TSSPYO HAS 29 DATASETS(MAX 32) SYSJOB,1+,1
54917,05.05.02 J0009904  +DBA:BANCS BIG SEGMENT TS FOUND!TSGPIS HAS 20 DATASETS(MAX 32) SYSJOB,1+,1
54918,05.05.02 J0009904  +DBA:BANCS BIG SEGMENT TS FOUND!TSLMVU HAS 21 DATASETS(MAX 32) SYSJOB,1+,1
54919,05.04.10 J0009955  +DBA:EISS BIG SEGMENT TS FOUND!CGEN245P HAS 24 DATASETS(MAX 32) SYSJOB DATASETS(MAX 32) SYSJOB,1+,1
54920,05.04.10 J0009955  +DBA:EISS BIG SEGMENT TS FOUND!CGEN246P HAS 21 DATASETS(MAX 32) SYSJOB,1+,1
54921,05.04.10 J0009955  +DBA:EISS BIG SEGMENT TS FOUND!CGEN048P HAS 21 DATASETS(MAX 32) SYSJOB,1+,1
54922,05.04.10 J0009955  +DBA:EISS BIG SEGMENT TS FOUND!CGEN263P HAS 22 DATASETS(MAX 32) SYSJOB,1+,1
54923,05.04.10 J0009955  +DBA:EISS BIG SEGMENT TS FOUND!CGEN050P HAS 21 DATASETS(MAX 32) SYSJOB,1+,1
54924,05.03.55 J0009904  +DBA:BANCS BIG PARTITION TS FOUND!TSGECT PART 98 71.0% INUSE SYSJOB,1+,6
54925,05.01.12 J0009942  +DBA:EISS BIG SEGMENT TS FOUND!CGEN758P HAS 20 DATASETS(MAX 32) SYSJOB,1+,1
54926,06.09.01 J0010662 *IEF099I JOB G02S138B WAITING FOR DATA SETS,1+,0
54927,07.34.21 CP3D S0049241  BSOEXTPDSS0 SEV=WAR CP3C Data Set: SYS0.MLIB.PARMLIB EXTENTS = 14 (Exts > 12),1+,9
54928,07.30.05 J0011046 *IEF099I JOB G01S405B WAITING FOR DATA SETS,1+,0
54929,07.16.33 CP3D S0059824 *DSNB319A  -DP2Y DSNB1CNE THERE IS A SHORTAGE OF * SPACE *IN GROUP BUFFER POOL GBP28,1+,8
54930,08.06.26 CP2D S0007542  BSOEXTPDSS0 SEV=WAR CP2C Data Set: SYS0.MLIB.PARMLIB EXTENTS = 16 (Exts > 12),1+,9
54931,"09.11.02 CP2B          *IXC585E STRUCTURE LOGRECSTRUCTURE IN COUPLING * FACILITY BCC2C2, *PHYSICAL STRUCTURE VERSION D3C53696 F18B86E4, *IS AT OR ABOVE STRUCTURE FULL MONITORING THRESHOLD OF 80%: *   SPACE USAGE     IN-USE       T",1+,8
54932,21.14.58 J0024181  +DBA:BANCS BIG SEGMENT TS FOUND!TSLMVU HAS 21 DATASETS(MAX 32) SYSJOB,1+,1
54933,21.14.58 J0024181  +DBA:BANCS BIG SEGMENT TS FOUND!TSSPYO HAS 29 DATASETS(MAX 32) SYSJOB,1+,1
54934,21.14.58 J0024181  +DBA:BANCS BIG SEGMENT TS FOUND!TSGPIS HAS 20 DATASETS(MAX 32) SYSJOB,1+,1
54935,21.13.27 J0024181  +DBA:BANCS BIG PARTITION TS FOUND!TSGECT PART 98 71.1% INUSE SYSJOB,1+,6
54936,21.04.10 J0024137  +DBA:EISS BIG SEGMENT TS FOUND!CGEN246P HAS 21 DATASETS(MAX 32) SYSJOB,1+,1
54937,21.04.10 J0024137  +DBA:EISS BIG SEGMENT TS FOUND!CGEN263P HAS 22 DATASETS(MAX 32) SYSJOB,1+,1
54938,21.04.10 J0024137  +DBA:EISS BIG SEGMENT TS FOUND!CGEN050P HAS 21 DATASETS(MAX 32) SYSJOB,1+,1
54939,21.04.10 J0024137  +DBA:EISS BIG SEGMENT TS FOUND!CGEN048P HAS 21 DATASETS(MAX 32) SYSJOB,1+,1
54940,21.04.10 J0024137  +DBA:EISS BIG SEGMENT TS FOUND!CGEN245P HAS 24 DATASETS(MAX 32) SYSJOB,1+,1
54941,21.01.12 J0024118  +DBA:EISS BIG SEGMENT TS FOUND!CGEN758P HAS 21 DATASETS(MAX 32) SYSJOB,1+,1
54942,22.26.22 J0024715 *IEF099I JOB G01S663B WAITING FOR DATA SETS,1+,0
54943,23.53.27 J0025675 *IEF099I JOB G01S506B WAITING FOR DATA SETS,1+,0
54944,23.32.59 J0025488 *IEF099I JOB NA100006 WAITING FOR DATA SETS,1+,0
54945,23.29.54 J0025354 *IEF099I JOB G01S023B WAITING FOR DATA SETS,1+,0
54946,00.01.21 S0157367  DNFO1033E 2018-12-31 16:01:21 BOCOU01 DNF_O_FT 31323031383132429184001 9213850609958171844482421.875  SAG returned error information with - the following parameters: -  Code    : \Sw.BCC.eServiceIndicatedFailure,10+,9
54947,00.01.02 J0025797 *IEF099I JOB G01SUOCR WAITING FOR DATA SETS,1+,0
54948,Netcool监控累积事件超过80000，请检查,10+,9
54949,01.36.11 J0035502 *IEF099I JOB P1ZOSDL  WAITING FOR DATA SETS,1+,0
54950,01.05.04 CP3B J0181863 *IEF099I JOB SMFMRGCI WAITING FOR DATA SETS,1+,0
54951,01.05.03 J0029737 *IEF099I JOB SMFMRGCI WAITING FOR DATA SETS,1+,0
54952,01.05.03 J0029736 *IEF099I JOB SMFMRGDB WAITING FOR DATA SETS,1+,0
54953,Netcool监控累积事件超过80000，请检查,10+,9
54954,02.32.53 J0038078 *IEF099I JOB P1CICSDL WAITING FOR DATA SETS,1+,0
54955,02.31.38 J0037998 *IEF099I JOB SA060000 WAITING FOR DATA SETS,1+,0
54956,02.24.48 S0092568  DSNR035I  -DP11 DSNRPBCW WARNING - UNCOMMITTED UR AFTER 3 CHECKPOINTS - CORRELATION NAME = ME980000 -           CONNECTION ID  = DB2CALL -           LUWID = BOCHQP.DP11APPL.D57659AD2D4B = 95065 -           PLAN,10+,9
54957,02.15.05 CP3B J0188637 *IEF099I JOB RMFRPTD3 WAITING FOR DATA SETS,1+,0
54958,Netcool监控累积事件超过80000，请检查,10+,9
54959,Netcool监控累积事件超过80000，请检查,10+,9
54960,04.22.14 CP3C J0003834 *IEF099I JOB DEDPQA31 WAITING FOR DATA SETS FROM S0142762 TPY3,1+,0
54961,Netcool监控累积事件超过80000，请检查,10+,9
54962,05.35.08 J0057331 *IEF099I JOB A01S760Y WAITING FOR DATA SETS,1+,0
54963,05.18.35 J0057053 *IEF099I JOB AXBKOUT  WAITING FOR DATA SETS,1+,0
54964,05.04.12 J0056787  +DBA:EISS BIG SEGMENT TS FOUND!CGEN050P HAS 21 DATASETS(MAX 32) SYSJOB,1+,1
54965,05.04.12 J0056787  +DBA:EISS BIG SEGMENT TS FOUND!CGEN048P HAS 21 DATASETS(MAX 32) SYSJOB,1+,1
54966,05.04.12 J0056787  +DBA:EISS BIG SEGMENT TS FOUND!CGEN263P HAS 22 DATASETS(MAX 32) SYSJOB,1+,1
54967,05.04.12 J0056787  +DBA:EISS BIG SEGMENT TS FOUND!CGEN245P HAS 24 DATASETS(MAX 32) SYSJOB,1+,1
54968,05.04.12 J0056787  +DBA:EISS BIG SEGMENT TS FOUND!CGEN246P HAS 21 DATASETS(MAX 32) SYSJOB,1+,1
54969,05.01.13 J0056776  +DBA:EISS BIG SEGMENT TS FOUND!CGEN758P HAS 21 DATASETS(MAX 32) SYSJOB,1+,1
54970,05.07.37 J0056740  +DBA:BANCS BIG SEGMENT TS FOUND!TSSPYO HAS 29 DATASETS(MAX 32) SYSJOB,1+,1
54971,05.07.37 J0056740  +DBA:BANCS BIG SEGMENT TS FOUND!TSLMVU HAS 21 DATASETS(MAX 32) SYSJOB,1+,1
54972,05.07.37 J0056740  +DBA:BANCS BIG SEGMENT TS FOUND!TSGPIS HAS 20 DATASETS(MAX 32) SYSJOB DATASETS(MAX 32),1+,1
54973,05.05.43 J0056740  +DBA:BANCS BIG PARTITION TS FOUND!TSGECT PART 98 71.1% INUSE SYSJOB 74.3% INUSE SYSJOB,1+,6
54974,Netcool监控累积事件超过80000，请检查,10+,9
54975,Netcool监控累积事件超过80000，请检查,10+,9
54976,07.34.24 CP3D S0049241  BSOEXTPDSS0 SEV=WAR CP3C Data Set: SYS0.MLIB.PARMLIB EXTENTS = 14 (Exts > 12),1+,9
54977,07.21.09 S0093383  BSSTRGRUPS1 SEV=WAR CP1D SG: SGIMGDP CURRENT: 88.70 (Enabled%Full >= 85),10+,9
54978,Netcool监控累积事件超过80000，请检查,10+,9
54979,08.06.21 CP2D S0007542  BSOEXTPDSS0 SEV=WAR CP2C Data Set: SYS0.MLIB.PARMLIB EXTENTS = 16 (Exts > 12),1+,9
54980,Netcool监控累积事件超过80000，请检查,10+,9
54981,Netcool监控累积事件超过80000，请检查,10+,9
54982,Netcool监控累积事件超过80000，请检查,10+,9
54983,"11.33.01          *IEA480E 222F,DASD,MODERATE ALERT,MT=2107, * SER=0385-50633, *REFCODE=DF91-8001-E605,VOLSER=P1442F,ID=42,SENSE=00000600 2F32CF42 *11400080 01E6050D 0500C5C9 A220DF91 05104200 FE000000",100+,9
54984,12.58.11 J0065742 *IEF099I JOB SQL521   WAITING FOR DATA SETS,1+,0
54985,Netcool监控累积事件超过80000，请检查,10+,9
54986,12.12.19 S0092569  DSNR035I  -DP51 DSNRPBCW WARNING - UNCOMMITTED UR AFTER 3 CHECKPOINTS - CORRELATION NAME = TF004802 -           CONNECTION ID  = BATCH -           LUWID = BOCHQP.DP51APPL.D576DE4A4997 = 10699 -           PLAN NA,10+,9
54987,14.06.05 S0092569  DSNR035I  -DP51 DSNRPBCW WARNING - UNCOMMITTED UR AFTER 3 CHECKPOINTS - CORRELATION NAME = NS200023 -           CONNECTION ID  = UTILITY -           LUWID = BOCHQP.DP51APPL.D576F5DCF6D6 = 21572 -           PLAN,10+,9
54988,"19.32.59          *IEA480E 224A,DASD,SERIOUS ALERT,MT=2107,SER=0385-50633, *REFCODE=EF11-8001-E605,VOLSER=P1444A,ID=42,REPEATED,SENSE=00000600 *4A32CF42 11808080 01E6050D 0500C5C9 A220EF11 05104200 FE000000",100+,9
54989,21.15.30 J0071044  +DBA:BANCS BIG SEGMENT TS FOUND!TSSPYO HAS 29 DATASETS(MAX 32) SYSJOB,1+,1
54990,21.15.30 J0071044  +DBA:BANCS BIG SEGMENT TS FOUND!TSGPIS HAS 20 DATASETS(MAX 32) SYSJOB,1+,1
54991,21.15.30 J0071044  +DBA:BANCS BIG SEGMENT TS FOUND!TSLMVU HAS 21 DATASETS(MAX 32) SYSJOB,1+,1
54992,21.14.04 J0071044  +DBA:BANCS BIG PARTITION TS FOUND!TSGECT PART 98 71.1% INUSE SYSJOB,1+,6
54993,21.11.24 J0071110 *IEF099I JOB NA100006 WAITING FOR DATA SETS,1+,0
54994,21.04.10 J0071008  +DBA:EISS BIG SEGMENT TS FOUND!CGEN048P HAS 21 DATASETS(MAX 32) SYSJOB,1+,1
54995,21.04.10 J0071008  +DBA:EISS BIG SEGMENT TS FOUND!CGEN245P HAS 24 DATASETS(MAX 32) SYSJOB,1+,1
54996,21.04.10 J0071008  +DBA:EISS BIG SEGMENT TS FOUND!CGEN263P HAS 22 DATASETS(MAX 32) SYSJOB,1+,1
54997,21.04.10 J0071008  +DBA:EISS BIG SEGMENT TS FOUND!CGEN246P HAS 21 DATASETS(MAX 32) SYSJOB,1+,1
54998,21.01.12 J0070997  +DBA:EISS BIG SEGMENT TS FOUND!CGEN758P HAS 21 DATASETS(MAX 32) SYSJOB,1+,1
54999,23.35.10 S0093003  BQAPPQDEPS0 SEV=WAR QWP1 NamedQueue: APPISN.MI.WBIFN.SENDQ CURRENT DEPTH:2015 (CurrentDepth >= 2000),10+,9
55000,23.35.10 S0093003  BQAPPQDEPS0 SEV=WAR QWP2 NamedQueue: APPISN.MI.WBIFN.SENDQ CURRENT DEPTH:2016 (CurrentDepth >= 2000) APPISN.MI.WBIFN.SENDQ CURRENT DEPTH:2016 (CurrentDepth >= 2000),10+,9
55001,23.30.12 S0093003  BQAPPQDEPS0 SEV=CRI QWP2 NamedQueue: APPISN.MI.WBIFN.SENDQ CURRENT DEPTH:7264 (CurrentDepth >= 5000),10+,9
55002,00.34.40 J0083413 *IEF099I JOB SA040000 WAITING FOR DATA SETS,1+,0
55003,01.43.51 J0092915 *IEF099I JOB G01S506B WAITING FOR DATA SETS,1+,0
55004,*01.35.54 J0090894 *IEF099I JOB P1ZOSDL  WAITING FOR DATA SETS,1+,0
55005,01.31.10 CP2C J0081902 *IEF099I JOB TMZ60000 WAITING FOR DATA SETS,1+,0
55006,"01.25.58 CP2D           IOS080I 47D7,4E,UMA63700, I/O TIMEOUT INTERVAL HAS BEEN EXCEEDED FOR AN ACTIVE REQUEST. DATASET NAME=PRDDEDPR.SPLIT.RPYV.UPA63702.PR37",1+,4
55007,01.05.06 CP3B J0094992 *IEF099I JOB SMFMRGCI WAITING FOR DATA SETS,1+,0
55008,01.03.46 CP3D J0094842 *IEF099I JOB DEDPLUS5 WAITING FOR DATA SETS,1+,0
55009,01.03.35 CP3D J0094807 *IEF099I JOB DEDPLUU4 WAITING FOR DATA SETS,1+,0
55010,02.37.00 S0093536 *DSNB319A  -DP41 DSNB1CNE THERE IS A SHORTAGE OF SPACE *IN GROUP BUFFER POOL GBP32K1,1+,8
55011,02.15.04 CP3A J0101967 *IEF099I JOB RMFRPTD3 WAITING FOR DATA SETS,1+,0
55012,02.05.54 J0101152 *IEF099I JOB P1CICSDL WAITING FOR DATA SETS,1+,0
55013,04.21.15 J0105367 *IEF099I JOB G01UL133 WAITING FOR DATA SETS,1+,0
55014,04.06.53 J0104782 *IEF099I JOB G01IN451 WAITING FOR DATA SETS,1+,0
55015,05.23.13 J0106247 *IEF099I JOB AXBKOUT  WAITING FOR DATA SETS,1+,0
55016,05.22.16 S0093383  BSSTRGRUPS1 SEV=WAR CP1D SG: SGIMGDP CURRENT: 87.50 (Enabled%Full >= 85) GEN NOT SUPPORTED,10+,9
55017,05.06.13 J0105913  +DBA:BANCS BIG SEGMENT TS FOUND!TSSPYO HAS 29 DATASETS(MAX 32) SYSJOB,1+,1
55018,05.06.13 J0105913  +DBA:BANCS BIG SEGMENT TS FOUND!TSGPIS HAS 20 DATASETS(MAX 32) SYSJOB,1+,1
55019,05.06.13 J0105913  +DBA:BANCS BIG SEGMENT TS FOUND!TSLMVU HAS 21 DATASETS(MAX 32) SYSJOB,1+,1
55020,05.04.55 J0105913  +DBA:BANCS BIG PARTITION TS FOUND!TSGECT PART 98 71.1% INUSE SYSJOB,1+,6
55021,05.04.11 J0105995  +DBA:EISS BIG SEGMENT TS FOUND!CGEN263P HAS 22 DATASETS(MAX 32) SYSJOB,1+,1
55022,05.04.11 J0105995  +DBA:EISS BIG SEGMENT TS FOUND!CGEN048P HAS 21 DATASETS(MAX 32) SYSJOB,1+,1
55023,05.04.11 J0105995  +DBA:EISS BIG SEGMENT TS FOUND!CGEN245P HAS 24 DATASETS(MAX 32) SYSJOB,1+,1
55024,05.04.11 J0105995  +DBA:EISS BIG SEGMENT TS FOUND!CGEN050P HAS 21 DATASETS(MAX 32) SYSJOB,1+,1
55025,05.04.11 J0105995  +DBA:EISS BIG SEGMENT TS FOUND!CGEN246P HAS 21 DATASETS(MAX 32) SYSJOB,1+,1
55026,05.01.13 J0105966  +DBA:EISS BIG SEGMENT TS FOUND!CGEN758P HAS 21 DATASETS(MAX 32) SYSJOB,1+,1
55027,07.35.44 S0093003  BQBANCBGLS0 SEV=WAR QP31 NamedQueue: BANCS.BGLHASHB.QUEUE CURRENT DEPTH:30521 (CurrentDepth >= 20000)         请关注BGL队列深度变化，加强监控,10+,9
55028,07.34.23 CP3D S0049241  BSOEXTPDSS0 SEV=WAR CP3C Data Set: SYS0.MLIB.PARMLIB EXTENTS = 14 (Exts > 12),1+,9
55029,07.30.04 J0107102 *IEF099I JOB G01S405B WAITING FOR DATA SETS,1+,0
55030,08.06.26 CP2D S0007542  BSOEXTPDSS0 SEV=WAR CP2C Data Set: SYS0.MLIB.PARMLIB EXTENTS = 16 (Exts > 12),1+,9
55031,12.28.41 S0092568  DSNR035I  -DP11 DSNRPBCW WARNING - UNCOMMITTED UR AFTER 3 CHECKPOINTS - CORRELATION NAME = NS200023 -           CONNECTION ID  = UTILITY -           LUWID = BOCHQP.DP11APPL.D57821B22A03 = 47779 -           PLAN,10+,9
55032,"13.53.12 S0092569  DSNB356I  -DP51 DSNB5SCO FOR GROUP BUFFER POOL GBP34, THE CONDITION THAT CAUSED THE PREVIOUS DSNB355I MESSAGE DOES NOT CURRENTLY EXIST. - PREVIOUS PAGE LEVEL   = 00D57836E7FC03000000 13:45:03 JAN  2, 2019 - CURR",10+,8
55033,15.06.32 J0123162 *IEF099I JOB UNLD142  WAITING FOR DATA SETS,1+,0
55034,21.21.08 J0137475 *IEF099I JOB NMFLAGRP WAITING FOR DATA SETS,1+,0
55035,21.15.29 J0137318  +DBA:BANCS BIG SEGMENT TS FOUND!TSGPIS HAS 20 DATASETS(MAX 32) SYSJOB,1+,1
55036,21.15.29 J0137318  +DBA:BANCS BIG SEGMENT TS FOUND!TSLMVU HAS 21 DATASETS(MAX 32) SYSJOB,1+,1
55037,21.15.29 J0137318  +DBA:BANCS BIG SEGMENT TS FOUND!TSSPYO HAS 29 DATASETS(MAX 32) SYSJOB,1+,1
55038,21.14.17 J0137318  +DBA:BANCS BIG PARTITION TS FOUND!TSGECT PART 98 71.3% INUSE SYSJOB,1+,6
55039,21.12.10 J0137400 *IEF099I JOB NA100006 WAITING FOR DATA SETS,1+,0
55040,21.04.10 J0137284  +DBA:EISS BIG SEGMENT TS FOUND!CGEN263P HAS 22 DATASETS(MAX 32) SYSJOB,1+,1
55041,21.04.10 J0137284  +DBA:EISS BIG SEGMENT TS FOUND!CGEN246P HAS 21 DATASETS(MAX 32) SYSJOB,1+,1
55042,21.04.10 J0137284  +DBA:EISS BIG SEGMENT TS FOUND!CGEN050P HAS 21 DATASETS(MAX 32) SYSJOB,1+,1
55043,21.04.10 J0137284  +DBA:EISS BIG SEGMENT TS FOUND!CGEN245P HAS 24 DATASETS(MAX 32) SYSJOB,1+,1
55044,21.04.10 J0137284  +DBA:EISS BIG SEGMENT TS FOUND!CGEN048P HAS 21 DATASETS(MAX 32) SYSJOB,1+,1
55045,22.42.27 J0138735 *IEF099I JOB G01S663B WAITING FOR DATA SETS FROM S0092171 TWSA,1+,0
55046,23.56.51 J0149374 *IEF099I JOB G01INPUT WAITING FOR DATA SETS,1+,0
55047,23.16.41 S0093013  DSNR035I  -DP31 DSNRPBCW WARNING - UNCOMMITTED UR AFTER 3 CHECKPOINTS - CORRELATION NAME = EI604401 -           CONNECTION ID  = BATCH -           LUWID = BOCHQP.DP31APPL.D578B6241B1A = 154154 -           PLAN N,10+,9
55048,".39.27 CP2B           IOS080I 15FB,C8,UL460010, I/O TIMEOUT INTERVAL HAS BEEN EXCEEDED FOR AN ACTIVE REQUEST. DATASET NAME=PRDDEDPR.UNLO.CUS1.UU460010",1+,4
55049,00.18.23 J0149606 *IEF099I JOB G01S506B WAITING FOR DATA SETS,1+,0
55050,01.39.05 J0154957 *IEF099I JOB P1ZOSDL  WAITING FOR DATA SETS,1+,0
55051,01.30.58 CP2C J0151046 *IEF099I JOB TMZ60000 WAITING FOR DATA SETS,1+,0
55052,"01.24.05 CP2D           IOS080I 40E1,53,UMA64500, I/O TIMEOUT INTERVAL HAS BEEN EXCEEDED FOR AN ACTIVE REQUEST. DATASET NAME=PRDDEDPR.SPLIT.RPYV.UPA64501.PR45",1+,4
55053,"01.05.03 CP3B J0008910 *IEF099I JOB SMFMRGCI WAITING FOR DATA SETS THURSDAY, JANUARY 3, 2019",1+,0
55054,01.05.02 J0154289 *IEF099I JOB SMFMRGCI WAITING FOR DATA SETS FROM J0154290 SYSJOBX,1+,0
55055,02.15.03 CP3B J0016234 *IEF099I JOB RMFRPTD3 WAITING FOR DATA SETS,1+,0
55056,02.12.02 J0159469 *IEF099I JOB P1CICSDL WAITING FOR DATA SETS,1+,0
55057,04.31.31 CP3C J0032171 *IEF099I JOB DEDPGBS5 WAITING FOR DATA SETS,1+,0
55058,04.31.25 CP3D J0032165 *IEF099I JOB DEDPGBU4 WAITING FOR DATA SETS,1+,0
55059,"05.43.05           IOS080I 57D8,**,ZAPISS0G, I/O TIMEOUT INTERVAL HAS BEEN EXCEEDED FOR AN ACTIVE REQUEST. DATASET NAME=SYS1.VTOC.VP11673",1+,4
55060,05.36.47 CP2D J0187486 *IEF099I JOB ZZ221201 WAITING FOR DATA SETS,1+,0
55061,05.11.41 J0162085 *IEF099I JOB AXBKOUT  WAITING FOR DATA SETS,1+,0
55062,05.04.48 J0161796  +DBA:BANCS BIG SEGMENT TS FOUND!TSSPYO HAS 29 DATASETS(MAX 32) SYSJOB,1+,1
55063,05.04.48 J0161796  +DBA:BANCS BIG SEGMENT TS FOUND!TSGPIS HAS 20 DATASETS(MAX 32) SYSJOB DATASETS(MAX 32),1+,1
55064,05.04.48 J0161796  +DBA:BANCS BIG SEGMENT TS FOUND!TSLMVU HAS 21 DATASETS(MAX 32) SYSJOB,1+,1
55065,05.04.12 J0161847  +DBA:EISS BIG SEGMENT TS FOUND!CGEN246P HAS 21 DATASETS(MAX 32) SYSJOB,1+,1
55066,05.04.12 J0161847  +DBA:EISS BIG SEGMENT TS FOUND!CGEN050P HAS 21 DATASETS(MAX 32) SYSJOB DATASETS(MAX 32) SYSJOB,1+,1
55067,05.04.12 J0161847  +DBA:EISS BIG SEGMENT TS FOUND!CGEN048P HAS 21 DATASETS(MAX 32) SYSJOB,1+,1
55068,05.04.12 J0161847  +DBA:EISS BIG SEGMENT TS FOUND!CGEN245P HAS 24 DATASETS(MAX 32) SYSJOB,1+,1
55069,05.04.12 J0161847  +DBA:EISS BIG SEGMENT TS FOUND!CGEN263P HAS 22 DATASETS(MAX 32) SYSJOB,1+,1
55070,05.03.45 J0161796  +DBA:BANCS BIG PARTITION TS FOUND!TSGECT PART 98 71.3% INUSE SYSJOB Volume FG2496 (/tapelibPRODHSH/DD1_POOL02_FS13/FG2496) already scratched,10+,6
55071,06.22.39 CP3C J0041533 *IEF099I JOB DEDPNL23 WAITING FOR DATA SETS,1+,0
55072,06.22.38 CP3D J0041516 *IEF099I JOB DEDPPL23 WAITING FOR DATA SETS,1+,0
55073,06.10.49 J0170071 *IEF099I JOB G02S138B WAITING FOR DATA SETS,1+,0
55074,07.34.22 CP3D S0049241  BSOEXTPDSS0 SEV=WAR CP3C Data Set: SYS0.MLIB.PARMLIB EXTENTS = 14 (Exts > 12),1+,9
55075,07.05.03 J0172791 *IEF099I JOB SMFMRGDB WAITING FOR DATA SETS,1+,0
55076,07.05.02 J0172792 *IEF099I JOB SMFMRGCI WAITING FOR DATA SETS,1+,0
55077,08.25.09 CP3C J0070588 *IEF099I JOB DEDPAO31 WAITING FOR DATA SETS,1+,0
55078,08.06.31 CP2D S0007542  BSOEXTPDSS0 SEV=WAR CP2C Data Set: SYS0.MLIB.PARMLIB EXTENTS = 16 (Exts > 12),1+,9
55079,09.59.02 S0092559  BZBC01USGS0 SEV=CRI CP1E BC01 CPU:95.92 (PhyBusy% >= 95),10+,9
55080,09.44.09 S0092559  BZBC01USGS0 SEV=WAR CP1E BC01 CPU:91.98 (PhyBusy% >= 90),10+,9
55081,10.38.41 S0092559  BZBC01USGS0 SEV=WAR CP1E BC01 CPU:94.13 (PhyBusy% >= 90),10+,9
55082,10.33.44 S0092559  BZBC01USGS0 SEV=CRI CP1E BC01 CPU:95.36 (PhyBusy% >= 95),10+,9
55083,10.28.46 S0092559  BZBC01USGS0 SEV=WAR CP1E BC01 CPU:95.39 (PhyBusy% >= 90),10+,9
55084,11.08.41 S0093013  DSNR035I  -DP31 DSNRPBCW WARNING - UNCOMMITTED UR AFTER 3 CHECKPOINTS - CORRELATION NAME = TF002202 -           CONNECTION ID  = BATCH -           LUWID = BOCHQP.DP31APPL.D579530AC785 = 34925 -           PLAN NA,10+,9
55085,12.23.57 S0092569  DSNR035I  -DP51 DSNRPBCW WARNING - UNCOMMITTED UR AFTER 3 CHECKPOINTS - CORRELATION NAME = NS200008 -           LUWID = BOCHQP.DP51APPL.D579639C8186 = 116090 -           PLAN NAME = DSNUTIL -           AUTHID =,10+,9
55086,13.12.02 CP3B S0048525  BD31BHPRIS0 SEV=WAR DP2X 31 bit High private: 792141824 BEEN - RUNNING FOR 47684 MINUTES -            CORRELATION NAME=ENTRGPGA0011 -            CONNECTION ID=CIP3YA32 -            LUWID=DSNDP0Y.DP1YAPPL.D5,10+,9
55087,16.22.31 J0195257 *IEF099I JOB SORT0002 WAITING FOR DATA SETS,1+,0
55088,"20.18.54 CP3C S0048456  +CSQX208E !QP1S CSQXRESP Error receiving data, channel TIMCLU.QP0S connection 21.125.38.166 -  (queue manager QP0S) -  TRPTYPE=TCP RC=00000461 (ECONNRESET) reason=769E0291",10+,9
55089,20.18.54 CP3C S0048456  +CSQX599E !QP1S CSQXRESP Channel TIMCLU.QP0S ended abnormally connection 21.125.38.166,10+,9
55090,21.14.46 J0005591  +DBA:BANCS BIG SEGMENT TS FOUND!TSSPYO HAS 29 DATASETS(MAX 32) SYSJOB,1+,1
55091,21.14.46 J0005591  +DBA:BANCS BIG SEGMENT TS FOUND!TSGPIS HAS 20 DATASETS(MAX 32) SYSJOB,1+,1
55092,21.14.46 J0005591  +DBA:BANCS BIG SEGMENT TS FOUND!TSLMVU HAS 21 DATASETS(MAX 32) SYSJOB,1+,1
55093,21.13.39 J0005591  +DBA:BANCS BIG PARTITION TS FOUND!TSGECT PART 98 71.5% INUSE SYSJOB,1+,6
55094,21.11.29 J0005659 *IEF099I JOB NA100006 WAITING FOR DATA SETS,1+,0
55095,21.04.11 J0005544  +DBA:EISS BIG SEGMENT TS FOUND!CGEN048P HAS 21 DATASETS(MAX 32) SYSJOB,1+,1
55096,21.04.11 J0005544  +DBA:EISS BIG SEGMENT TS FOUND!CGEN246P HAS 21 DATASETS(MAX 32) SYSJOB,1+,1
55097,21.04.11 J0005544  +DBA:EISS BIG SEGMENT TS FOUND!CGEN245P HAS 24 DATASETS(MAX 32) SYSJOB,1+,1
55098,21.04.11 J0005544  +DBA:EISS BIG SEGMENT TS FOUND!CGEN050P HAS 21 DATASETS(MAX 32) SYSJOB,1+,1
55099,21.04.11 J0005544  +DBA:EISS BIG SEGMENT TS FOUND!CGEN263P HAS 22 DATASETS(MAX 32) SYSJOB,1+,1
55100,23.20.43 J0014826 *IEF099I JOB EC043600 WAITING FOR DATA SETS,1+,0
55101,23.11.41 J0013064 *IEF099I JOB EC041500 WAITING FOR DATA SETS,1+,0
55102,01.43.27 J0022240 *IEF099I JOB P1ZOSDL  WAITING FOR DATA SETS,1+,0
55103,01.21.51 J0018040 *IEF099I JOB SA060000 WAITING FOR DATA SETS,1+,0
55104,01.16.34 J0017915  +DBA:BANCS BIG SEGMENT TS FOUND!TSLMVU HAS 21 DATASETS(MAX 32) DB2ADM,1+,1
55105,01.13.46 CP2C J0020286 *IEF099I JOB TMZ60000 WAITING FOR DATA SETS,1+,0
55106,01.05.05 CP3B J0122301 *IEF099I JOB SMFMRGCI WAITING FOR DATA SETS,1+,0
55107,01.05.03 J0017866 *IEF099I JOB SMFMRGCI WAITING FOR DATA SETS,1+,0
55108,02.35.28 CP2A J0051433 *IEF099I JOB C4CARD01 WAITING FOR DATA SETS,1+,0
55109,02.18.19 J0023159 *IEF099I JOB P1CICSDL WAITING FOR DATA SETS GEN NOT SUPPORTED,1+,0
55110,02.15.02 CP3B J0128326 *IEF099I JOB RMFRPTD3 WAITING FOR DATA SETS,1+,0
55111,02.06.02 J0022585 *IEF099I JOB G01S506B WAITING FOR DATA SETS,1+,0
55112,04.59.35 J0039823 *IEF099I JOB G0FSP008 WAITING FOR DATA SETS,1+,0
55113,04.56.50 J0039774 *IEF099I JOB AXDIFF   WAITING FOR DATA SETS,1+,0
55114,04.54.29 J0039756 *IEF099I JOB G01UL133 WAITING FOR DATA SETS,1+,0
55115,05.21.15 J0040433 *IEF099I JOB AXBKOUT  WAITING FOR DATA SETS,1+,0
55116,05.05.51 J0039940  +DBA:BANCS BIG SEGMENT TS FOUND!TSLMVU HAS 21 DATASETS(MAX 32) SYSJOB,1+,1
55117,05.04.10 J0040143  +DBA:EISS BIG SEGMENT TS FOUND!CGEN263P HAS 22 DATASETS(MAX 32) SYSJOB,1+,1
55118,05.04.10 J0040143  +DBA:EISS BIG SEGMENT TS FOUND!CGEN245P HAS 24 DATASETS(MAX 32) SYSJOB,1+,1
55119,05.04.10 J0040143  +DBA:EISS BIG SEGMENT TS FOUND!CGEN246P HAS 21 DATASETS(MAX 32) SYSJOB,1+,1
55120,05.04.10 J0040143  +DBA:EISS BIG SEGMENT TS FOUND!CGEN048P HAS 21 DATASETS(MAX 32) SYSJOB,1+,1
55121,05.04.10 J0040143  +DBA:EISS BIG SEGMENT TS FOUND!CGEN050P HAS 21 DATASETS(MAX 32) SYSJOB Volume FJ9948 (/tapelibPRODHSH/DD1_POOL02_FS1/FJ9948) already scratched,10+,1
55122,07.34.22 CP3D S0049241  BSOEXTPDSS0 SEV=WAR CP3C Data Set: SYS0.MLIB.PARMLIB EXTENTS = 14 (Exts > 12),1+,9
55123,07.31.18 J0041942 *IEF099I JOB G0DS069D WAITING FOR DATA SETS,1+,0
55124,08.06.25 CP2D S0007542  BSOEXTPDSS0 SEV=WAR CP2C Data Set: SYS0.MLIB.PARMLIB EXTENTS = 16 (Exts > 12),1+,9
55125,09.04.37 S0093400  DSNT375I  -DPW1 PLAN=DSNACLI WITH CORRELATION-ID=QWP1BRK CONNECTION-ID=RRSAF -         LUW-ID=BOCHQP.DPW1APPL.D57A7BF03032=102775 -         THREAD-INFO=STCWBIFN:RRSAF:STCWBIFN:QWP1BRK:DYNAMIC:3951:*:* -,10+,9
55126,10.33.48 J0048327 *IEF099I JOB QXPRERPT WAITING FOR DATA SETS,1+,0
55127,10.24.03 S0093401  DSNR035I  -DP61 DSNRPBCW WARNING - UNCOMMITTED UR AFTER 3 CHECKPOINTS - CORRELATION NAME = TF000102 -           CONNECTION ID  = BATCH -           LUWID = BOCHQP.DP61APPL.D57A8B413A27 = 18151 -           PLAN NA,10+,9
55128,11.08.24 J0050514 *IEF099I JOB CXBKUPGL WAITING FOR DATA SETS,1+,0
55129,12.28.38 S0093402  DSNR035I  -DP21 DSNRPBCW WARNING - UNCOMMITTED UR AFTER 3 CHECKPOINTS - CORRELATION NAME = NS200023 -           CONNECTION ID  = UTILITY -           LUWID = BOCHQP.DP21APPL.D57AA56E7A39 = 32573 -           PLAN,10+,9
55130,"12.20.59 J0055108  $HASP395 TF007102 ENDED - RC=0004 THE CONDITION THAT CAUSED THE PREVIOUS DSNB355I MESSAGE DOES NOT CURRENTLY EXIST. - PREVIOUS PAGE LEVEL   = 00D57AA6048BCE000000 12:12:48 JAN  4, 2019 - CURRENT PAGE LEVEL    =",10+,9
55131,01.35.36 J0122082 *IEF099I JOB P1ZOSDL  WAITING FOR DATA SETS,1+,0
55132,01.24.19 CP2B J0058506 *IEF099I JOB TMZ60000 WAITING FOR DATA SETS,1+,0
55133,01.05.03 CP3B J0077450 *IEF099I JOB SMFMRGCI WAITING FOR DATA SETS,1+,0
55134,12.28.38 S0093402  DSNR035I  -DP21 DSNRPBCW WARNING - UNCOMMITTED UR AFTER 3 CHECKPOINTS - CORRELATION NAME = NS200023 -           CONNECTION ID  = UTILITY -           LUWID = BOCHQP.DP21APPL.D57AA56E7A39 = 32573 -           PLAN,10+,9
55135,12.20.49 S0092568  DSNB355I  -DP11 DSNB5SCO GROUP BUFFER POOL GBP30 RECOVERY LRSN VALUES MIGHT CAUSE A DELAY IN GRECP RECOVERY. PAGE LEVEL   = 00D57AA6048BCE000000 -                    MEMBER LEVEL = 00D57AA6594BEAFC4200 - PAGE LE,10+,8
55136,11.08.24 J0050514 *IEF099I JOB CXBKUPGL WAITING FOR DATA SETS,1+,0
55137,10.33.48 J0048327 *IEF099I JOB QXPRERPT WAITING FOR DATA SETS,1+,0
55138,09.04.37 S0093400  DSNT375I  -DPW1 PLAN=DSNACLI WITH CORRELATION-ID=QWP1BRK CONNECTION-ID=RRSAF -         LUW-ID=BOCHQP.DPW1APPL.D57A7BF03032=102775 -         THREAD-INFO=STCWBIFN:RRSAF:STCWBIFN:QWP1BRK:DYNAMIC:3951:*:* -,10+,9
55139,08.06.25 CP2D S0007542  BSOEXTPDSS0 SEV=WAR CP2C Data Set: SYS0.MLIB.PARMLIB EXTENTS = 16 (Exts > 12),1+,9
55140,07.34.22 CP3D S0049241  BSOEXTPDSS0 SEV=WAR CP3C Data Set: SYS0.MLIB.PARMLIB EXTENTS = 14 (Exts > 12),1+,9
55141,07.31.18 J0041942 *IEF099I JOB G0DS069D WAITING FOR DATA SETS,1+,0
55142,05.21.15 J0040433 *IEF099I JOB AXBKOUT  WAITING FOR DATA SETS,1+,0
55143,05.05.51 J0039940  +DBA:BANCS BIG SEGMENT TS FOUND!TSLMVU HAS 21 DATASETS(MAX 32) SYSJOB,1+,1
55144,05.04.10 J0040143  +DBA:EISS BIG SEGMENT TS FOUND!CGEN263P HAS 22 DATASETS(MAX 32) SYSJOB,1+,1
55145,05.04.10 J0040143  +DBA:EISS BIG SEGMENT TS FOUND!CGEN245P HAS 24 DATASETS(MAX 32) SYSJOB,1+,1
55146,05.04.10 J0040143  +DBA:EISS BIG SEGMENT TS FOUND!CGEN246P HAS 21 DATASETS(MAX 32) SYSJOB,1+,1
55147,05.04.10 J0040143  +DBA:EISS BIG SEGMENT TS FOUND!CGEN048P HAS 21 DATASETS(MAX 32) SYSJOB,1+,1
55148,05.04.10 J0040143  +DBA:EISS BIG SEGMENT TS FOUND!CGEN050P HAS 21 DATASETS(MAX 32) SYSJOB Volume FJ9948 (/tapelibPRODHSH/DD1_POOL02_FS1/FJ9948) already scratched,10+,1
55149,05.01.13 J0040092  +DBA:EISS BIG SEGMENT TS FOUND!CGEN758P HAS 22 DATASETS(MAX 32) SYSJOB,1+,1
55150,04.59.35 J0039823 *IEF099I JOB G0FSP008 WAITING FOR DATA SETS,1+,0
55151,04.56.50 J0039774 *IEF099I JOB AXDIFF   WAITING FOR DATA SETS,1+,0
55152,04.54.29 J0039756 *IEF099I JOB G01UL133 WAITING FOR DATA SETS,1+,0
55153,02.35.28 CP2A J0051433 *IEF099I JOB C4CARD01 WAITING FOR DATA SETS,1+,0
55154,02.18.19 J0023159 *IEF099I JOB P1CICSDL WAITING FOR DATA SETS GEN NOT SUPPORTED,1+,0
55155,02.15.02 CP3B J0128326 *IEF099I JOB RMFRPTD3 WAITING FOR DATA SETS,1+,0
55156,02.06.02 J0022585 *IEF099I JOB G01S506B WAITING FOR DATA SETS,1+,0
55157,01.43.27 J0022240 *IEF099I JOB P1ZOSDL  WAITING FOR DATA SETS,1+,0
55158,01.21.51 J0018040 *IEF099I JOB SA060000 WAITING FOR DATA SETS,1+,0
55159,01.16.34 J0017915  +DBA:BANCS BIG SEGMENT TS FOUND!TSLMVU HAS 21 DATASETS(MAX 32) DB2ADM,1+,1
55160,01.13.46 CP2C J0020286 *IEF099I JOB TMZ60000 WAITING FOR DATA SETS,1+,0
55161,01.05.05 CP3B J0122301 *IEF099I JOB SMFMRGCI WAITING FOR DATA SETS,1+,0
55162,01.05.03 J0017866 *IEF099I JOB SMFMRGCI WAITING FOR DATA SETS,1+,0
55163,"01.00.03 J0017815 *IEF099I JOB G01SUOCR WAITING FOR DATA SETS JANUARY 4, 2019",1+,0
55164,23.20.43 J0014826 *IEF099I JOB EC043600 WAITING FOR DATA SETS,1+,0
55165,23.11.41 J0013064 *IEF099I JOB EC041500 WAITING FOR DATA SETS,1+,0
55166,21.14.46 J0005591  +DBA:BANCS BIG SEGMENT TS FOUND!TSSPYO HAS 29 DATASETS(MAX 32) SYSJOB,1+,1
55167,21.14.46 J0005591  +DBA:BANCS BIG SEGMENT TS FOUND!TSGPIS HAS 20 DATASETS(MAX 32) SYSJOB,1+,1
55168,21.14.46 J0005591  +DBA:BANCS BIG SEGMENT TS FOUND!TSLMVU HAS 21 DATASETS(MAX 32) SYSJOB,1+,1
55169,21.13.39 J0005591  +DBA:BANCS BIG PARTITION TS FOUND!TSGECT PART 98 71.5% INUSE SYSJOB,1+,6
55170,21.11.29 J0005659 *IEF099I JOB NA100006 WAITING FOR DATA SETS,1+,0
55171,21.04.11 J0005544  +DBA:EISS BIG SEGMENT TS FOUND!CGEN048P HAS 21 DATASETS(MAX 32) SYSJOB,1+,1
55172,21.04.11 J0005544  +DBA:EISS BIG SEGMENT TS FOUND!CGEN246P HAS 21 DATASETS(MAX 32) SYSJOB,1+,1
55173,21.04.11 J0005544  +DBA:EISS BIG SEGMENT TS FOUND!CGEN050P HAS 21 DATASETS(MAX 32) SYSJOB,1+,1
55174,21.04.11 J0005544  +DBA:EISS BIG SEGMENT TS FOUND!CGEN245P HAS 24 DATASETS(MAX 32) SYSJOB,1+,1
55175,21.04.11 J0005544  +DBA:EISS BIG SEGMENT TS FOUND!CGEN263P HAS 22 DATASETS(MAX 32) SYSJOB,1+,1
55176,21.01.13 J0005528  +DBA:EISS BIG SEGMENT TS FOUND!CGEN758P HAS 22 DATASETS(MAX 32) SYSJOB,1+,1
55177,"20.18.54 CP3C S0048456  +CSQX208E !QP1S CSQXRESP Error receiving data, channel TIMCLU.QP0S connection 21.125.38.166 -  (queue manager QP0S) -  TRPTYPE=TCP RC=00000461 (ECONNRESET) reason=769E0291",10+,9
55178,20.18.54 CP3C S0048456  +CSQX599E !QP1S CSQXRESP Channel TIMCLU.QP0S ended abnormally connection 21.125.38.166,10+,9
55179,16.22.31 J0195257 *IEF099I JOB SORT0002 WAITING FOR DATA SETS,1+,0
55180,13.12.02 CP3B S0048525  BD31BHPRIS0 SEV=WAR DP2X 31 bit High private: 792141824 BEEN - RUNNING FOR 47684 MINUTES -            CORRELATION NAME=ENTRGPGA0011 -            CONNECTION ID=CIP3YA32 -            LUWID=DSNDP0Y.DP1YAPPL.D5,10+,9
55181,11.08.41 S0093013  DSNR035I  -DP31 DSNRPBCW WARNING - UNCOMMITTED UR AFTER 3 CHECKPOINTS - CORRELATION NAME = TF002202 -           CONNECTION ID  = BATCH -           LUWID = BOCHQP.DP31APPL.D579530AC785 = 34925 -           PLAN NA,10+,9
55182,11.00.58 J0179931 *IEF099I JOB G00SA15B WAITING FOR DATA SETS,1+,0
55183,10.38.41 S0092559  BZBC01USGS0 SEV=WAR CP1E BC01 CPU:94.13 (PhyBusy% >= 90),10+,9
55184,10.33.44 S0092559  BZBC01USGS0 SEV=CRI CP1E BC01 CPU:95.36 (PhyBusy% >= 95),10+,9
55185,10.28.46 S0092559  BZBC01USGS0 SEV=WAR CP1E BC01 CPU:95.39 (PhyBusy% >= 90),10+,9
55186,09.59.02 S0092559  BZBC01USGS0 SEV=CRI CP1E BC01 CPU:95.92 (PhyBusy% >= 95),10+,9
55187,09.44.09 S0092559  BZBC01USGS0 SEV=WAR CP1E BC01 CPU:91.98 (PhyBusy% >= 90),10+,9
55188,08.25.09 CP3C J0070588 *IEF099I JOB DEDPAO31 WAITING FOR DATA SETS,1+,0
55189,08.06.31 CP2D S0007542  BSOEXTPDSS0 SEV=WAR CP2C Data Set: SYS0.MLIB.PARMLIB EXTENTS = 16 (Exts > 12),1+,9
55190,07.34.22 CP3D S0049241  BSOEXTPDSS0 SEV=WAR CP3C Data Set: SYS0.MLIB.PARMLIB EXTENTS = 14 (Exts > 12),1+,9
55191,07.05.03 J0172791 *IEF099I JOB SMFMRGDB WAITING FOR DATA SETS,1+,0
55192,07.05.02 J0172792 *IEF099I JOB SMFMRGCI WAITING FOR DATA SETS,1+,0
55193,06.22.39 CP3C J0041533 *IEF099I JOB DEDPNL23 WAITING FOR DATA SETS,1+,0
55194,06.22.38 CP3D J0041516 *IEF099I JOB DEDPPL23 WAITING FOR DATA SETS,1+,0
55195,06.10.49 J0170071 *IEF099I JOB G02S138B WAITING FOR DATA SETS,1+,0
55196,"05.40.26           IOS080I 10EB,**,ZAPISS0G, I/O TIMEOUT INTERVAL HAS BEEN EXCEEDED FOR AN ACTIVE REQUEST. DATASET NAME=SYS1.VTOC.VP11E26",1+,4
55197,05.36.47 CP2D J0187486 *IEF099I JOB ZZ221201 WAITING FOR DATA SETS,1+,0
55198,05.11.41 J0162085 *IEF099I JOB AXBKOUT  WAITING FOR DATA SETS,1+,0
55199,05.04.48 J0161796  +DBA:BANCS BIG SEGMENT TS FOUND!TSSPYO HAS 29 DATASETS(MAX 32) SYSJOB,1+,1
55200,05.04.48 J0161796  +DBA:BANCS BIG SEGMENT TS FOUND!TSGPIS HAS 20 DATASETS(MAX 32) SYSJOB DATASETS(MAX 32),1+,1
55201,05.04.48 J0161796  +DBA:BANCS BIG SEGMENT TS FOUND!TSLMVU HAS 21 DATASETS(MAX 32) SYSJOB,1+,1
55202,05.04.12 J0161847  +DBA:EISS BIG SEGMENT TS FOUND!CGEN246P HAS 21 DATASETS(MAX 32) SYSJOB,1+,1
55203,05.04.12 J0161847  +DBA:EISS BIG SEGMENT TS FOUND!CGEN050P HAS 21 DATASETS(MAX 32) SYSJOB DATASETS(MAX 32) SYSJOB,1+,1
55204,05.04.12 J0161847  +DBA:EISS BIG SEGMENT TS FOUND!CGEN263P HAS 22 DATASETS(MAX 32) SYSJOB,1+,1
55205,05.04.12 J0161847  +DBA:EISS BIG SEGMENT TS FOUND!CGEN048P HAS 21 DATASETS(MAX 32) SYSJOB,1+,1
55206,05.04.12 J0161847  +DBA:EISS BIG SEGMENT TS FOUND!CGEN245P HAS 24 DATASETS(MAX 32) SYSJOB,1+,1
55207,05.03.45 J0161796  +DBA:BANCS BIG PARTITION TS FOUND!TSGECT PART 98 71.3% INUSE SYSJOB Volume FG2496 (/tapelibPRODHSH/DD1_POOL02_FS13/FG2496) already scratched,10+,6
55208,05.01.12 J0161836  +DBA:EISS BIG SEGMENT TS FOUND!CGEN758P HAS 21 DATASETS(MAX 32) SYSJOB,1+,1
55209,04.31.31 CP3C J0032171 *IEF099I JOB DEDPGBS5 WAITING FOR DATA SETS,1+,0
55210,04.31.25 CP3D J0032165 *IEF099I JOB DEDPGBU4 WAITING FOR DATA SETS,1+,0
55211,02.15.03 CP3B J0016234 *IEF099I JOB RMFRPTD3 WAITING FOR DATA SETS,1+,0
55212,02.12.02 J0159469 *IEF099I JOB P1CICSDL WAITING FOR DATA SETS,1+,0
55213,01.39.05 J0154957 *IEF099I JOB P1ZOSDL  WAITING FOR DATA SETS,1+,0
55214,01.30.58 CP2C J0151046 *IEF099I JOB TMZ60000 WAITING FOR DATA SETS,1+,0
55215,"01.24.05 CP2D           IOS080I 40E1,53,UMA64500, I/O TIMEOUT INTERVAL HAS BEEN EXCEEDED FOR AN ACTIVE REQUEST. DATASET NAME=PRDDEDPR.SPLIT.RPYV.UPA64501.PR45",1+,4
55216,"01.05.03 CP3B J0008910 *IEF099I JOB SMFMRGCI WAITING FOR DATA SETS THURSDAY, JANUARY 3, 2019",1+,0
55217,01.05.02 J0154289 *IEF099I JOB SMFMRGCI WAITING FOR DATA SETS FROM J0154290 SYSJOBX,1+,0
55218,01.00.07 CP3D J0007485 *IEF099I JOB SMFMRGOS WAITING FOR DATA SETS,1+,0
55219,01.00.12 J0154265 *IEF099I JOB G01SUOCR WAITING FOR DATA SETS,1+,0
55220,00.18.23 J0149606 *IEF099I JOB G01S506B WAITING FOR DATA SETS,1+,0
55221,23.56.51 J0149374 *IEF099I JOB G01INPUT WAITING FOR DATA SETS,1+,0
55222,23.16.41 S0093013  DSNR035I  -DP31 DSNRPBCW WARNING - UNCOMMITTED UR AFTER 3 CHECKPOINTS - CORRELATION NAME = EI604401 -           CONNECTION ID  = BATCH -           LUWID = BOCHQP.DP31APPL.D578B6241B1A = 154154 -           PLAN N,10+,9
55223,22.42.27 J0138735 *IEF099I JOB G01S663B WAITING FOR DATA SETS FROM S0092171 TWSA,1+,0
55224,21.21.08 J0137475 *IEF099I JOB NMFLAGRP WAITING FOR DATA SETS,1+,0
55225,21.15.29 J0137318  +DBA:BANCS BIG SEGMENT TS FOUND!TSGPIS HAS 20 DATASETS(MAX 32) SYSJOB,1+,1
55226,21.15.29 J0137318  +DBA:BANCS BIG SEGMENT TS FOUND!TSLMVU HAS 21 DATASETS(MAX 32) SYSJOB,1+,1
55227,21.15.29 J0137318  +DBA:BANCS BIG SEGMENT TS FOUND!TSSPYO HAS 29 DATASETS(MAX 32) SYSJOB,1+,1
55228,21.14.17 J0137318  +DBA:BANCS BIG PARTITION TS FOUND!TSGECT PART 98 71.3% INUSE SYSJOB,1+,6
55229,21.12.10 J0137400 *IEF099I JOB NA100006 WAITING FOR DATA SETS,1+,0
55230,21.04.10 J0137284  +DBA:EISS BIG SEGMENT TS FOUND!CGEN263P HAS 22 DATASETS(MAX 32) SYSJOB,1+,1
55231,21.04.10 J0137284  +DBA:EISS BIG SEGMENT TS FOUND!CGEN246P HAS 21 DATASETS(MAX 32) SYSJOB,1+,1
55232,21.04.10 J0137284  +DBA:EISS BIG SEGMENT TS FOUND!CGEN050P HAS 21 DATASETS(MAX 32) SYSJOB,1+,1
55233,21.04.10 J0137284  +DBA:EISS BIG SEGMENT TS FOUND!CGEN048P HAS 21 DATASETS(MAX 32) SYSJOB,1+,1
55234,21.04.10 J0137284  +DBA:EISS BIG SEGMENT TS FOUND!CGEN245P HAS 24 DATASETS(MAX 32) SYSJOB,1+,1
55235,21.01.13 J0137269  +DBA:EISS BIG SEGMENT TS FOUND!CGEN758P HAS 21 DATASETS(MAX 32) SYSJOB,1+,1
55236,15.06.32 J0123162 *IEF099I JOB UNLD142  WAITING FOR DATA SETS,1+,0
55237,13.49.12 S0092569  DSNB355I  -DP51 DSNB5SCO GROUP BUFFER POOL GBP34 RECOVERY LRSN VALUES MIGHT CAUSE A DELAY IN GRECP RECOVERY. PAGE LEVEL   = 00D57836E7FC03000000 -                    MEMBER LEVEL = 00D57837BE0E77F12C00 - PAGE LE,10+,8
55238,12.21.08 S0092569  DSNR035I  -DP51 DSNRPBCW WARNING - UNCOMMITTED UR AFTER 3 CHECKPOINTS - CORRELATION NAME = NS200028 -           CONNECTION ID  = UTILITY -           LUWID = BOCHQP.DP51APPL.D57821B22A65 = 138535 -           PLAN,10+,9
55239,08.06.26 CP2D S0007542  BSOEXTPDSS0 SEV=WAR CP2C Data Set: SYS0.MLIB.PARMLIB EXTENTS = 16 (Exts > 12),1+,9
55240,07.35.44 S0093003  BQBANCBGLS0 SEV=WAR QP31 NamedQueue: BANCS.BGLHASHB.QUEUE CURRENT DEPTH:30521 (CurrentDepth >= 20000)         请关注BGL队列深度变化，加强监控,10+,9
55241,07.34.23 CP3D S0049241  BSOEXTPDSS0 SEV=WAR CP3C Data Set: SYS0.MLIB.PARMLIB EXTENTS = 14 (Exts > 12),1+,9
55242,07.30.04 J0107102 *IEF099I JOB G01S405B WAITING FOR DATA SETS,1+,0
55243,05.23.13 J0106247 *IEF099I JOB AXBKOUT  WAITING FOR DATA SETS,1+,0
55244,05.22.16 S0093383  BSSTRGRUPS1 SEV=WAR CP1D SG: SGIMGDP CURRENT: 87.50 [Enabled%Full >= 85] GEN NOT SUPPORTED,10+,9
55245,05.06.13 J0105913  +DBA:BANCS BIG SEGMENT TS FOUND!TSSPYO HAS 29 DATASETS(MAX 32) SYSJOB,1+,1
55246,05.06.13 J0105913  +DBA:BANCS BIG SEGMENT TS FOUND!TSLMVU HAS 21 DATASETS(MAX 32) SYSJOB,1+,1
55247,05.06.13 J0105913  +DBA:BANCS BIG SEGMENT TS FOUND!TSGPIS HAS 20 DATASETS(MAX 32) SYSJOB,1+,1
55248,05.04.55 J0105913  +DBA:BANCS BIG PARTITION TS FOUND!TSGECT PART 98 71.1% INUSE SYSJOB,1+,6
55249,05.04.11 J0105995  +DBA:EISS BIG SEGMENT TS FOUND!CGEN263P HAS 22 DATASETS(MAX 32) SYSJOB,1+,1
55250,05.04.11 J0105995  +DBA:EISS BIG SEGMENT TS FOUND!CGEN050P HAS 21 DATASETS(MAX 32) SYSJOB,1+,1
55251,05.04.11 J0105995  +DBA:EISS BIG SEGMENT TS FOUND!CGEN048P HAS 21 DATASETS(MAX 32) SYSJOB,1+,1
55252,05.04.11 J0105995  +DBA:EISS BIG SEGMENT TS FOUND!CGEN246P HAS 21 DATASETS(MAX 32) SYSJOB,1+,1
55253,05.04.11 J0105995  +DBA:EISS BIG SEGMENT TS FOUND!CGEN245P HAS 24 DATASETS(MAX 32) SYSJOB,1+,1
55254,05.01.13 J0105966  +DBA:EISS BIG SEGMENT TS FOUND!CGEN758P HAS 21 DATASETS(MAX 32) SYSJOB,1+,1
55255,04.21.15 J0105367 *IEF099I JOB G01UL133 WAITING FOR DATA SETS,1+,0
55256,04.06.53 J0104782 *IEF099I JOB G01IN451 WAITING FOR DATA SETS,1+,0
55257,02.37.00 S0093536 *DSNB319A  -DP41 DSNB1CNE THERE IS A SHORTAGE OF SPACE *IN GROUP BUFFER POOL GBP32K1,1+,8
55258,02.15.04 CP3A J0101967 *IEF099I JOB RMFRPTD3 WAITING FOR DATA SETS,1+,0
55259,02.05.54 J0101152 *IEF099I JOB P1CICSDL WAITING FOR DATA SETS,1+,0
55260,02.00.02 J0101059 *IEF099I JOB G01SUOCR WAITING FOR DATA SETS,1+,0
55261,01.43.51 J0092915 *IEF099I JOB G01S506B WAITING FOR DATA SETS,1+,0
55262,*01.35.54 J0090894 *IEF099I JOB P1ZOSDL  WAITING FOR DATA SETS,1+,0
55263,01.31.10 CP2C J0081902 *IEF099I JOB TMZ60000 WAITING FOR DATA SETS,1+,0
55264,"01.25.58 CP2D           IOS080I 47D7,4E,UMA63700, I/O TIMEOUT INTERVAL HAS BEEN EXCEEDED FOR AN ACTIVE REQUEST. DATASET NAME=PRDDEDPR.SPLIT.RPYV.UPA63702.PR37",1+,4
55265,01.05.06 CP3B J0094992 *IEF099I JOB SMFMRGCI WAITING FOR DATA SETS,1+,0
55266,01.03.46 CP3D J0094842 *IEF099I JOB DEDPLUS5 WAITING FOR DATA SETS,1+,0
55267,01.03.35 CP3D J0094807 *IEF099I JOB DEDPLUU4 WAITING FOR DATA SETS,1+,0
55268,01.00.08 CP3D J0094135 *IEF099I JOB SMFMRGOS WAITING FOR DATA SETS,1+,0
55269,00.34.40 J0083413 *IEF099I JOB SA040000 WAITING FOR DATA SETS,1+,0
55270,23.35.10 S0093003  BQAPPQDEPS0 SEV=WAR QWP1 NamedQueue: APPISN.MI.WBIFN.SENDQ CURRENT DEPTH:2015 (CurrentDepth >= 2000),10+,9
55271,23.35.10 S0093003  BQAPPQDEPS0 SEV=WAR QWP2 NamedQueue: APPISN.MI.WBIFN.SENDQ CURRENT DEPTH:2016 (CurrentDepth >= 2000) APPISN.MI.WBIFN.SENDQ CURRENT DEPTH:2016 (CurrentDepth >= 2000),10+,9
55272,23.30.12 S0093003  BQAPPQDEPS0 SEV=CRI QWP2 NamedQueue: APPISN.MI.WBIFN.SENDQ CURRENT DEPTH:7264 (CurrentDepth >= 5000),10+,9
55273,21.15.30 J0071044  +DBA:BANCS BIG SEGMENT TS FOUND!TSSPYO HAS 29 DATASETS(MAX 32) SYSJOB,1+,1
55274,21.15.30 J0071044  +DBA:BANCS BIG SEGMENT TS FOUND!TSGPIS HAS 20 DATASETS(MAX 32) SYSJOB,1+,1
55275,21.15.30 J0071044  +DBA:BANCS BIG SEGMENT TS FOUND!TSLMVU HAS 21 DATASETS(MAX 32) SYSJOB,1+,1
55276,21.14.04 J0071044  +DBA:BANCS BIG PARTITION TS FOUND!TSGECT PART 98 71.1% INUSE SYSJOB,1+,6
55277,21.11.24 J0071110 *IEF099I JOB NA100006 WAITING FOR DATA SETS,1+,0
55278,21.04.10 J0071008  +DBA:EISS BIG SEGMENT TS FOUND!CGEN048P HAS 21 DATASETS(MAX 32) SYSJOB,1+,1
55279,21.04.10 J0071008  +DBA:EISS BIG SEGMENT TS FOUND!CGEN263P HAS 22 DATASETS(MAX 32) SYSJOB,1+,1
55280,21.04.10 J0071008  +DBA:EISS BIG SEGMENT TS FOUND!CGEN245P HAS 24 DATASETS(MAX 32) SYSJOB,1+,1
55281,21.04.10 J0071008  +DBA:EISS BIG SEGMENT TS FOUND!CGEN246P HAS 21 DATASETS(MAX 32) SYSJOB,1+,1
55282,21.01.12 J0070997  +DBA:EISS BIG SEGMENT TS FOUND!CGEN758P HAS 21 DATASETS(MAX 32) SYSJOB,1+,1
55283,"19.32.59          *IEA480E 224A,DASD,SERIOUS ALERT,MT=2107,SER=0385-50633, *REFCODE=EF11-8001-E605,VOLSER=P1444A,ID=42,REPEATED,SENSE=00000600 *4A32CF42 11808080 01E6050D 0500C5C9 A220EF11 05104200 FE000000",100+,9
55284,12.12.19 S0092569  DSNR035I  -DP51 DSNRPBCW WARNING - UNCOMMITTED UR AFTER 3 CHECKPOINTS - CORRELATION NAME = TF004802 -           CONNECTION ID  = BATCH -           LUWID = BOCHQP.DP51APPL.D576DE4A4997 = 10699 -           PLAN NA,10+,9
55285,12.58.11 J0065742 *IEF099I JOB SQL521   WAITING FOR DATA SETS,1+,0
55286,Netcool监控累积事件超过80000，请检查,10+,9
55287,"10.00.24 S0093060 *IEA480E 223C,DASD,MODERATE ALERT,MT=2107, * SER=0385-50633, *REFCODE=DF81-8001-E605,VOLSER=P1443C,ID=14,SENSE=00000600 3C32CF14 *11400080 01E6050D 0500C5C9 A220DF81 05104200 FE000000",100+,9
55288,08.06.21 CP2D S0007542  BSOEXTPDSS0 SEV=WAR CP2C Data Set: SYS0.MLIB.PARMLIB EXTENTS = 16 (Exts > 12),1+,9
55289,07.34.24 CP3D S0049241  BSOEXTPDSS0 SEV=WAR CP3C Data Set: SYS0.MLIB.PARMLIB EXTENTS = 14 (Exts > 12),1+,9
55290,07.21.09 S0093383  BSSTRGRUPS1 SEV=WAR CP1D SG: SGIMGDP CURRENT: 88.70 [Enabled%Full >= 85],10+,9
55291,05.35.08 J0057331 *IEF099I JOB A01S760Y WAITING FOR DATA SETS,1+,0
55292,05.18.35 J0057053 *IEF099I JOB AXBKOUT  WAITING FOR DATA SETS,1+,0
55293,05.04.12 J0056787  +DBA:EISS BIG SEGMENT TS FOUND!CGEN050P HAS 21 DATASETS(MAX 32) SYSJOB,1+,1
55294,05.04.12 J0056787  +DBA:EISS BIG SEGMENT TS FOUND!CGEN048P HAS 21 DATASETS(MAX 32) SYSJOB,1+,1
55295,05.04.12 J0056787  +DBA:EISS BIG SEGMENT TS FOUND!CGEN263P HAS 22 DATASETS(MAX 32) SYSJOB,1+,1
55296,05.04.12 J0056787  +DBA:EISS BIG SEGMENT TS FOUND!CGEN245P HAS 24 DATASETS(MAX 32) SYSJOB,1+,1
55297,05.04.12 J0056787  +DBA:EISS BIG SEGMENT TS FOUND!CGEN246P HAS 21 DATASETS(MAX 32) SYSJOB,1+,1
55298,05.01.13 J0056776  +DBA:EISS BIG SEGMENT TS FOUND!CGEN758P HAS 21 DATASETS(MAX 32) SYSJOB,1+,1
55299,05.07.37 J0056740  +DBA:BANCS BIG SEGMENT TS FOUND!TSSPYO HAS 29 DATASETS(MAX 32) SYSJOB,1+,1
55300,05.07.37 J0056740  +DBA:BANCS BIG SEGMENT TS FOUND!TSLMVU HAS 21 DATASETS(MAX 32) SYSJOB,1+,1
55301,05.07.37 J0056740  +DBA:BANCS BIG SEGMENT TS FOUND!TSGPIS HAS 20 DATASETS(MAX 32) SYSJOB DATASETS(MAX 32),1+,1
55302,05.05.43 J0056740  +DBA:BANCS BIG PARTITION TS FOUND!TSGECT PART 98 71.1% INUSE SYSJOB 74.3% INUSE SYSJOB,1+,6
55303,04.22.14 CP3C J0003834 *IEF099I JOB DEDPQA31 WAITING FOR DATA SETS FROM S0142762 TPY3,1+,0
55304,02.24.48 S0092568  DSNR035I  -DP11 DSNRPBCW WARNING - UNCOMMITTED UR AFTER 3 CHECKPOINTS - CORRELATION NAME = ME980000 -           CONNECTION ID  = DB2CALL -           LUWID = BOCHQP.DP11APPL.D57659AD2D4B = 95065 -           PLAN,10+,9
55305,02.32.53 J0038078 *IEF099I JOB P1CICSDL WAITING FOR DATA SETS,1+,0
55306,02.31.38 J0037998 *IEF099I JOB SA060000 WAITING FOR DATA SETS,1+,0
55307,02.15.05 CP3B J0188637 *IEF099I JOB RMFRPTD3 WAITING FOR DATA SETS,1+,0
55308,01.36.11 J0035502 *IEF099I JOB P1ZOSDL  WAITING FOR DATA SETS,1+,0
55309,01.05.04 CP3B J0181863 *IEF099I JOB SMFMRGCI WAITING FOR DATA SETS,1+,0
55310,01.05.03 J0029737 *IEF099I JOB SMFMRGCI WAITING FOR DATA SETS,1+,0
55311,01.05.03 J0029736 *IEF099I JOB SMFMRGDB WAITING FOR DATA SETS,1+,0
55312,01.00.09 CP3D J0180643 *IEF099I JOB SMFMRGOS WAITING FOR DATA SETS,1+,0
55313,00.01.21 S0157367  DNFO1033E 2018-12-31 16:01:21 BOCOU01 DNF_O_FT 31323031383132429184001 9213850609958171844482421.875  SAG returned error information with - the following parameters: -  Code    : \Sw.BCC.eServiceIndicatedFailure,10+,9
55314,00.01.02 J0025797 *IEF099I JOB G01SUOCR WAITING FOR DATA SETS,1+,0
55315,23.53.27 J0025675 *IEF099I JOB G01S506B WAITING FOR DATA SETS,1+,0
55316,23.32.59 J0025488 *IEF099I JOB NA100006 WAITING FOR DATA SETS,1+,0
55317,23.29.54 J0025354 *IEF099I JOB G01S023B WAITING FOR DATA SETS,1+,0
55318,22.26.22 J0024715 *IEF099I JOB G01S663B WAITING FOR DATA SETS,1+,0
55319,21.14.58 J0024181  +DBA:BANCS BIG SEGMENT TS FOUND!TSLMVU HAS 21 DATASETS(MAX 32) SYSJOB,1+,1
55320,21.14.58 J0024181  +DBA:BANCS BIG SEGMENT TS FOUND!TSSPYO HAS 29 DATASETS(MAX 32) SYSJOB,1+,1
55321,21.14.58 J0024181  +DBA:BANCS BIG SEGMENT TS FOUND!TSGPIS HAS 20 DATASETS(MAX 32) SYSJOB,1+,1
55322,21.13.27 J0024181  +DBA:BANCS BIG PARTITION TS FOUND!TSGECT PART 98 71.1% INUSE SYSJOB,1+,6
55323,21.04.10 J0024137  +DBA:EISS BIG SEGMENT TS FOUND!CGEN246P HAS 21 DATASETS(MAX 32) SYSJOB,1+,1
55324,21.04.10 J0024137  +DBA:EISS BIG SEGMENT TS FOUND!CGEN263P HAS 22 DATASETS(MAX 32) SYSJOB,1+,1
55325,21.04.10 J0024137  +DBA:EISS BIG SEGMENT TS FOUND!CGEN050P HAS 21 DATASETS(MAX 32) SYSJOB,1+,1
55326,21.04.10 J0024137  +DBA:EISS BIG SEGMENT TS FOUND!CGEN048P HAS 21 DATASETS(MAX 32) SYSJOB,1+,1
55327,21.04.10 J0024137  +DBA:EISS BIG SEGMENT TS FOUND!CGEN245P HAS 24 DATASETS(MAX 32) SYSJOB,1+,1
55328,21.01.12 J0024118  +DBA:EISS BIG SEGMENT TS FOUND!CGEN758P HAS 21 DATASETS(MAX 32) SYSJOB,1+,1
55329,"09.11.02 CP2B          *IXC585E STRUCTURE LOGRECSTRUCTURE IN COUPLING * FACILITY BCC2C2, *PHYSICAL STRUCTURE VERSION D3C53696 F18B86E4, *IS AT OR ABOVE STRUCTURE FULL MONITORING THRESHOLD OF 80%: *   SPACE USAGE     IN-USE       T",1+,8
55330,08.06.26 CP2D S0007542  BSOEXTPDSS0 SEV=WAR CP2C Data Set: SYS0.MLIB.PARMLIB EXTENTS = 16 (Exts > 12),1+,9
55331,07.34.21 CP3D S0049241  BSOEXTPDSS0 SEV=WAR CP3C Data Set: SYS0.MLIB.PARMLIB EXTENTS = 14 (Exts > 12),1+,9
55332,07.30.05 J0011046 *IEF099I JOB G01S405B WAITING FOR DATA SETS,1+,0
55333,07.16.33 CP3D S0059824 *DSNB319A  -DP2Y DSNB1CNE THERE IS A SHORTAGE OF * SPACE *IN GROUP BUFFER POOL GBP28,1+,8
55334,06.09.01 J0010662 *IEF099I JOB G02S138B WAITING FOR DATA SETS,1+,0
55335,05.13.35 J0010111 *IEF099I JOB AXBKOUT  WAITING FOR DATA SETS FROM J0192861 TFDR0107,1+,0
55336,05.05.02 J0009904  +DBA:BANCS BIG SEGMENT TS FOUND!TSSPYO HAS 29 DATASETS(MAX 32) SYSJOB,1+,1
55337,05.05.02 J0009904  +DBA:BANCS BIG SEGMENT TS FOUND!TSGPIS HAS 20 DATASETS(MAX 32) SYSJOB,1+,1
55338,05.05.02 J0009904  +DBA:BANCS BIG SEGMENT TS FOUND!TSLMVU HAS 21 DATASETS(MAX 32) SYSJOB,1+,1
55339,05.04.10 J0009955  +DBA:EISS BIG SEGMENT TS FOUND!CGEN245P HAS 24 DATASETS(MAX 32) SYSJOB DATASETS(MAX 32) SYSJOB,1+,1
55340,05.04.10 J0009955  +DBA:EISS BIG SEGMENT TS FOUND!CGEN263P HAS 22 DATASETS(MAX 32) SYSJOB,1+,1
55341,05.04.10 J0009955  +DBA:EISS BIG SEGMENT TS FOUND!CGEN048P HAS 21 DATASETS(MAX 32) SYSJOB,1+,1
55342,05.04.10 J0009955  +DBA:EISS BIG SEGMENT TS FOUND!CGEN246P HAS 21 DATASETS(MAX 32) SYSJOB,1+,1
55343,05.04.10 J0009955  +DBA:EISS BIG SEGMENT TS FOUND!CGEN050P HAS 21 DATASETS(MAX 32) SYSJOB,1+,1
55344,05.03.55 J0009904  +DBA:BANCS BIG PARTITION TS FOUND!TSGECT PART 98 71.0% INUSE SYSJOB,1+,6
55345,05.01.12 J0009942  +DBA:EISS BIG SEGMENT TS FOUND!CGEN758P HAS 20 DATASETS(MAX 32) SYSJOB,1+,1
55346,"03.38.57 CP3B          *IXC585E STRUCTURE DSNDP0Z_GBP28 IN COUPLING * FACILITY BCC2C5, *PHYSICAL STRUCTURE VERSION D53F0739 A9D03585, *IS AT OR ABOVE STRUCTURE FULL MONITORING THRESHOLD OF 90%: *   SPACE USAGE     IN-USE       TOT",1+,8
55347,03.38.50 CP3B S0006883 *DSNB325A  -DP2Z DSNB1CNE THERE IS A CRITICAL * SHORTAGE *OF SPACE IN GROUP BUFFER POOL GBP28,1+,8
55348,02.39.27 S0093013 *DSNB319A  -DP31 DSNB1CNE THERE IS A SHORTAGE OF SPACE *IN GROUP BUFFER POOL GBP32K1,1+,8
55349,02.51.06 CP2C J0173858 *IEF099I JOB C4CARD01 WAITING FOR DATA SETS,1+,0
55350,02.24.47 J0004841 *IEF099I JOB G01UL133 WAITING FOR DATA SETS,1+,0
55351,02.04.22 J0004606 *IEF099I JOB P1CICSDL WAITING FOR DATA SETS,1+,0
55352,01.33.39 J0193193 *IEF099I JOB P1ZOSDL  WAITING FOR DATA SETS,1+,0
55353,01.22.50 CP2A J0142962 *IEF099I JOB TMZ60000 WAITING FOR DATA SETS,1+,0
55354,"01.10.15 CP2D           IOS080I 24B3,C6,UM111200, I/O TIMEOUT INTERVAL HAS BEEN EXCEEDED FOR AN ACTIVE REQUEST. DATASET NAME=PRDDEDPR.SPLIT.BORM.UP111201.PR12",1+,4
55355,"01.05.02 CP3B J0069760 *IEF099I JOB SMFMRGCI WAITING FOR DATA SETS MONDAY, DECEMBER 31, 2018",1+,0
55356,01.05.02 J0192110 *IEF099I JOB SMFMRGCI WAITING FOR DATA SETS,1+,0
55357,01.00.06 CP3D J0068539 *IEF099I JOB SMFMRGOS WAITING FOR DATA SETS,1+,0
55358,00.35.08 J0187720 *IEF099I JOB SA040000 WAITING FOR DATA SETS,1+,0
55359,00.11.25 J0187455 *IEF099I JOB G01S506B WAITING FOR DATA SETS,1+,0
55360,00.01.01 J0187415 *IEF099I JOB G01SUOCR WAITING FOR DATA SETS,1+,0
55361,00.00.38 S0092569  DSNB355I  -DP51 DSNB5SCO GROUP BUFFER POOL GBP32K1 RECOVERY LRSN VALUES MIGHT CAUSE A DELAY IN GRECP RECOVERY. PAGE LEVEL   = 00D574F9008E6A000000 -                    MEMBER LEVEL = 00D574FA6217AAE05800 - PAGE,10+,8
55362,23.49.15 J0187280 *IEF099I JOB G01S023B WAITING FOR DATA SETS GEN NOT SUPPORTED,1+,0
55363,22.16.12 J0175671 *IEF099I JOB G01S663B WAITING FOR DATA SETS,1+,0
55364,21.15.38 J0174993  +DBA:BANCS BIG SEGMENT TS FOUND!TSGPIS HAS 20 DATASETS(MAX 32) SYSJOB,1+,1
55365,21.15.38 J0174993  +DBA:BANCS BIG SEGMENT TS FOUND!TSLMVU HAS 21 DATASETS(MAX 32) SYSJOB,1+,1
55366,21.15.38 J0174993  +DBA:BANCS BIG SEGMENT TS FOUND!TSSPYO HAS 29 DATASETS(MAX 32) SYSJOB,1+,1
55367,21.14.31 J0174993  +DBA:BANCS BIG PARTITION TS FOUND!TSGECT PART 98 71.0% INUSE SYSJOB operations at the source table should be replicated (value of - CAPTURE_LOAD column in the IBMQREP_SUBS control table).,100+,9
55368,21.14.31 J0174993  +DBA:BANCS BIG PARTITION TS FOUND!TSGECT PART 98 71.0% INUSE SYSJOB,1+,6
55369,21.11.02 J0175051 *IEF099I JOB NA100006 WAITING FOR DATA SETS,1+,0
55370,21.04.11 J0174922  +DBA:EISS BIG SEGMENT TS FOUND!CGEN263P HAS 22 DATASETS(MAX 32) SYSJOB,1+,1
55371,21.04.11 J0174922  +DBA:EISS BIG SEGMENT TS FOUND!CGEN245P HAS 24 DATASETS(MAX 32) SYSJOB,1+,1
55372,21.04.11 J0174922  +DBA:EISS BIG SEGMENT TS FOUND!CGEN048P HAS 21 DATASETS(MAX 32) SYSJOB,1+,1
55373,21.04.11 J0174922  +DBA:EISS BIG SEGMENT TS FOUND!CGEN246P HAS 21 DATASETS(MAX 32) SYSJOB,1+,1
55374,21.04.11 J0174922  +DBA:EISS BIG SEGMENT TS FOUND!CGEN050P HAS 21 DATASETS(MAX 32) SYSJOB,1+,1
55375,21.01.11 J0174910  +DBA:EISS BIG SEGMENT TS FOUND!CGEN758P HAS 20 DATASETS(MAX 32) SYSJOB,1+,1
55376,12.20.45 S0092568  DSNR035I  -DP11 DSNRPBCW WARNING - UNCOMMITTED UR AFTER 3 CHECKPOINTS - CORRELATION NAME = NS200028 -           CONNECTION ID  = UTILITY -           LUWID = BOCHQP.DP11APPL.D5745C1A3AC8 = 123462 -           PLAN,10+,9
55377,"08.27.21 CP2C          *IOS450E 0E7D,66, PERMANENT I/O, PATH TAKEN OFFLINE",100+,9
55378,08.06.29 CP2D S0007542  BSOEXTPDSS0 SEV=WAR CP2C Data Set: SYS0.MLIB.PARMLIB EXTENTS = 16 (Exts > 12),1+,9
55379,07.34.23 CP3D S0049241  BSOEXTPDSS0 SEV=WAR CP3C Data Set: SYS0.MLIB.PARMLIB EXTENTS = 14 (Exts > 12),1+,9
55380,07.05.01 CP2D S0007542  BSVOLDSNSS0 SEV=WAR CP2D Volser: PP2D35 TotalDSNs:11156 (TotalDSNs > 10000),1+,3
55381,07.05.01 CP2D S0007542  BSVOLDSNSS0 SEV=WAR CP2D Volser: P12679 TotalDSNs:11292 (TotalDSNs > 10000),1+,3
55382,07.05.01 CP2D S0007542  BSVOLDSNSS0 SEV=WAR CP2D Volser: P12F35 TotalDSNs:11137 (TotalDSNs > 10000),1+,3
55383,07.05.01 CP2D S0007542  BSVOLDSNSS0 SEV=WAR CP2D Volser: P1277A TotalDSNs:11200 (TotalDSNs > 10000),1+,3
55384,07.05.01 CP2D S0007542  BSVOLDSNSS0 SEV=WAR CP2D Volser: P12192 TotalDSNs:11258 (TotalDSNs > 10000),1+,3
55385,07.05.01 CP2D S0007542  BSVOLDSNSS0 SEV=WAR CP2D Volser: P12190 TotalDSNs:11081 (TotalDSNs > 10000),1+,3
55386,07.05.01 CP2D S0007542  BSVOLDSNSS0 SEV=WAR CP2D Volser: P12678 TotalDSNs:11128 (TotalDSNs > 10000),1+,3
55387,07.05.01 CP2D S0007542  BSVOLDSNSS0 SEV=WAR CP2D Volser: P12F36 TotalDSNs:11116 (TotalDSNs > 10000),1+,3
55388,07.05.01 CP2D S0007542  BSVOLDSNSS0 SEV=WAR CP2D Volser: P12F37 TotalDSNs:11135 (TotalDSNs > 10000),1+,3
55389,07.05.01 CP2D S0007542  BSVOLDSNSS0 SEV=WAR CP2D Volser: P12E36 TotalDSNs:11025 (TotalDSNs > 10000),1+,3
55390,07.05.01 CP2D S0007542  BSVOLDSNSS0 SEV=WAR CP2D Volser: P12E35 TotalDSNs:11165 (TotalDSNs > 10000),1+,3
55391,07.05.01 CP2D S0007542  BSVOLDSNSS0 SEV=WAR CP2D Volser: PP2D37 TotalDSNs:11209 (TotalDSNs > 10000),1+,3
55392,07.05.01 CP2D S0007542  BSVOLDSNSS0 SEV=WAR CP2D Volser: P12E37 TotalDSNs:11153 (TotalDSNs > 10000),1+,3
55393,07.05.01 CP2D S0007542  BSVOLDSNSS0 SEV=WAR CP2D Volser: P12090 TotalDSNs:11256 (TotalDSNs > 10000),1+,3
55394,07.05.01 CP2D S0007542  BSVOLDSNSS0 SEV=WAR CP2D Volser: P12091 TotalDSNs:11215 (TotalDSNs > 10000),1+,3
55395,07.05.01 CP2D S0007542  BSVOLDSNSS0 SEV=WAR CP2D Volser: P12779 TotalDSNs:11054 (TotalDSNs > 10000) TotalDSNs:11095 (TotalDSNs > 10000),1+,3
55396,07.05.01 CP2D S0007542  BSVOLDSNSS0 SEV=WAR CP2D Volser: P12191 TotalDSNs:10980 (TotalDSNs > 10000),1+,3
55397,07.05.01 CP2D S0007542  BSVOLDSNSS0 SEV=WAR CP2D Volser: P12778 TotalDSNs:11047 (TotalDSNs > 10000),1+,3
55398,07.05.01 CP2D S0007542  BSVOLDSNSS0 SEV=WAR CP2D Volser: P12292 TotalDSNs:11153 (TotalDSNs > 10000),1+,3
55399,07.05.01 CP2D S0007542  BSVOLDSNSS0 SEV=WAR CP2D Volser: P12290 TotalDSNs:11135 (TotalDSNs > 10000),1+,3
55400,07.05.01 CP2D S0007542  BSVOLDSNSS0 SEV=WAR CP2D Volser: P12291 TotalDSNs:11075 (TotalDSNs > 10000),1+,3
55401,07.05.01 CP2D S0007542  BSVOLDSNSS0 SEV=WAR CP2D Volser: P1267A TotalDSNs:11176 (TotalDSNs > 10000),1+,3
55402,07.05.00 S0093383  BSVOLDSNSS0 SEV=WAR CP1D Volser: P12E36 TotalDSNs:11113 (TotalDSNs > 10000),1+,3
55403,07.05.00 S0093383  BSVOLDSNSS0 SEV=WAR CP1D Volser: P1277A TotalDSNs:11293 (TotalDSNs > 10000),1+,3
55404,07.05.00 S0093383  BSVOLDSNSS0 SEV=WAR CP1D Volser: P12779 TotalDSNs:11146 (TotalDSNs > 10000),1+,3
55405,07.05.00 S0093383  BSVOLDSNSS0 SEV=WAR CP1D Volser: P12291 TotalDSNs:11179 (TotalDSNs > 10000),1+,3
55406,07.05.00 S0093383  BSVOLDSNSS0 SEV=WAR CP1D Volser: PP2D37 TotalDSNs:11311 (TotalDSNs > 10000),1+,3
55407,07.05.00 S0093383  BSVOLDSNSS0 SEV=WAR CP1D Volser: P12E37 TotalDSNs:11271 (TotalDSNs > 10000),1+,3
55408,07.05.00 S0093383  BSVOLDSNSS0 SEV=WAR CP1D Volser: P12778 TotalDSNs:11110 (TotalDSNs > 10000),1+,3
55409,07.05.00 S0093383  BSVOLDSNSS0 SEV=WAR CP1D Volser: P12F35 TotalDSNs:11242 (TotalDSNs > 10000),1+,3
55410,07.05.00 S0093383  BSVOLDSNSS0 SEV=WAR CP1D Volser: P12091 TotalDSNs:11320 (TotalDSNs > 10000) Volume FG1792 (/tapelibPRODHSH/DD1_POOL02_FS3/FG1792) already scratched,10+,3
55411,07.05.00 S0093383  BSVOLDSNSS0 SEV=WAR CP1D Volser: P12678 TotalDSNs:11246 (TotalDSNs > 10000),1+,3
55412,07.05.00 S0093383  BSVOLDSNSS0 SEV=WAR CP1D Volser: P12F37 TotalDSNs:11229 (TotalDSNs > 10000),1+,3
55413,07.05.00 S0093383  BSVOLDSNSS0 SEV=WAR CP1D Volser: P1267A TotalDSNs:11305 (TotalDSNs > 10000),1+,3
55414,07.05.00 S0093383  BSVOLDSNSS0 SEV=WAR CP1D Volser: P12290 TotalDSNs:11209 (TotalDSNs > 10000),1+,3
55415,07.05.00 S0093383  BSVOLDSNSS0 SEV=WAR CP1D Volser: P12191 TotalDSNs:11075 (TotalDSNs > 10000),1+,3
55416,07.05.00 S0093383  BSVOLDSNSS0 SEV=WAR CP1D Volser: P12090 TotalDSNs:11348 (TotalDSNs > 10000),1+,3
55417,07.05.00 S0093383  BSVOLDSNSS0 SEV=WAR CP1D Volser: PP2D35 TotalDSNs:11269 (TotalDSNs > 10000),1+,3
55418,07.05.00 S0093383  BSVOLDSNSS0 SEV=WAR CP1D Volser: P12092 TotalDSNs:11188 (TotalDSNs > 10000) TotalDSNs:11394 (TotalDSNs > 10000),1+,3
55419,07.05.00 S0093383  BSVOLDSNSS0 SEV=WAR CP1D Volser: P12192 TotalDSNs:11360 (TotalDSNs > 10000),1+,3
55420,07.05.00 S0093383  BSVOLDSNSS0 SEV=WAR CP1D Volser: P12292 TotalDSNs:11251 (TotalDSNs > 10000),1+,3
55421,07.05.00 S0093383  BSVOLDSNSS0 SEV=WAR CP1D Volser: P12F36 TotalDSNs:11224 (TotalDSNs > 10000),1+,3
55422,07.05.00 S0093383  BSVOLDSNSS0 SEV=WAR CP1D Volser: P12190 TotalDSNs:11197 (TotalDSNs > 10000),1+,3
55423,"06.26.40 CP2B          *IXC585E STRUCTURE LOGRECSTRUCTURE IN COUPLING * FACILITY BCC2C2, *PHYSICAL STRUCTURE VERSION D3C53696 F18B86E4, *IS AT OR ABOVE STRUCTURE FULL MONITORING THRESHOLD OF 80%: *   SPACE USAGE     IN-USE       T",1+,8
55424,05.22.15 S0093383  BSSTRGRUPS1 SEV=WAR CP1D SG: SGIMGDP CURRENT: 85.80 [Enabled%Full >= 85],10+,9
55425,05.18.51 J0159851 *IEF099I JOB AXBKOUT  WAITING FOR DATA SETS,1+,0
55426,05.06.28 J0159010  +DBA:BANCS BIG SEGMENT TS FOUND!TSGPIS HAS 20 DATASETS(MAX 32) SYSJOB,1+,1
55427,05.06.28 J0159010  +DBA:BANCS BIG SEGMENT TS FOUND!TSSPYO HAS 29 DATASETS(MAX 32) SYSJOB,1+,1
55428,05.06.28 J0159010  +DBA:BANCS BIG SEGMENT TS FOUND!TSLMVU HAS 21 DATASETS(MAX 32) SYSJOB,1+,1
55429,05.04.46 J0159010  +DBA:BANCS BIG PARTITION TS FOUND!TSGECT PART 98 71.0% INUSE SYSJOB,1+,6
55430,05.04.12 J0159296  +DBA:EISS BIG SEGMENT TS FOUND!CGEN263P HAS 22 DATASETS(MAX 32) SYSJOB,1+,1
55431,05.04.12 J0159296  +DBA:EISS BIG SEGMENT TS FOUND!CGEN246P HAS 21 DATASETS(MAX 32) SYSJOB,1+,1
55432,05.04.12 J0159296  +DBA:EISS BIG SEGMENT TS FOUND!CGEN048P HAS 21 DATASETS(MAX 32) SYSJOB,1+,1
55433,05.04.12 J0159296  +DBA:EISS BIG SEGMENT TS FOUND!CGEN050P HAS 21 DATASETS(MAX 32) SYSJOB,1+,1
55434,05.04.12 J0159296  +DBA:EISS BIG SEGMENT TS FOUND!CGEN245P HAS 24 DATASETS(MAX 32) SYSJOB,1+,1
55435,05.01.14 J0159053  +DBA:EISS BIG SEGMENT TS FOUND!CGEN758P HAS 20 DATASETS(MAX 32) SYSJOB,1+,1
55436,04.31.27 CP3C J0179651 *IEF099I JOB DEDPDEU4 WAITING FOR DATA SETS,1+,0
55437,03.13.04 J0156734 *IEF099I JOB G0FSP008 WAITING FOR DATA SETS,1+,0
55438,03.09.55 J0156712 *IEF099I JOB G01UL133 WAITING FOR DATA SETS,1+,0
55439,02.45.58 S0093400  DSNR035I  -DPW1 DSNRPBCW WARNING - UNCOMMITTED UR AFTER 18 CHECKPOINTS - CORRELATION NAME = DELSWMSG -           CONNECTION ID  = BATCH -           LUWID = BOCHQP.DPW1APPL.D573CD1FC0C8 = 82957 -           PLAN N,1+,9
55440,02.15.05 CP3A J0163230 *IEF099I JOB RMFRPTD3 WAITING FOR DATA SETS,1+,0
55441,02.13.31 J0148346 *IEF099I JOB P1CICSDL WAITING FOR DATA SETS,1+,0
55442,"01.01.09 CP2D           IOS080I 42FB,B0,TUIM0010, I/O TIMEOUT INTERVAL HAS BEEN EXCEEDED FOR AN ACTIVE REQUEST. DATASET NAME=PRDDEDPR.UNLOIM10",1+,4
55443,01.38.09 J0141687 *IEF099I JOB P1ZOSDL  WAITING FOR DATA SETS,1+,0
55444,01.32.01 CP2C J0073661 *IEF099I JOB TMZ60000 WAITING FOR DATA SETS,1+,0
55445,01.18.48 S0093537 *DSNB319A  -DP81 DSNB1CNE THERE IS A SHORTAGE OF SPACE *IN GROUP BUFFER POOL GBP3,1+,8
55446,01.05.02 CP3B J0156430 *IEF099I JOB SMFMRGCI WAITING FOR DATA SETS,1+,0
55447,01.05.03 J0140799 *IEF099I JOB SMFMRGCI WAITING FOR DATA SETS,1+,0
55448,01.00.06 CP3D J0155294 *IEF099I JOB SMFMRGOS WAITING FOR DATA SETS,1+,0
55449,01.00.02 J0140760 *IEF099I JOB G01SUOCR WAITING FOR DATA SETS Device 0CA5 Display: 'KUM0061 ' 'MUM0434S' (blink) (alternating),10+,0
55450,00.34.51 J0136496 *IEF099I JOB SA060000 WAITING FOR DATA SETS,1+,0
55451,00.16.18 J0136294 *IEF099I JOB G01S023B WAITING FOR DATA SETS,1+,0
55452,23.24.06 J0134791 *IEF099I JOB G01S663B WAITING FOR DATA SETS,1+,0
55453,21.15.43 J0123797  +DBA:BANCS BIG SEGMENT TS FOUND!TSGPIS HAS 20 DATASETS(MAX 32) SYSJOB,1+,1
55454,21.15.43 J0123797  +DBA:BANCS BIG SEGMENT TS FOUND!TSLMVU HAS 21 DATASETS(MAX 32) SYSJOB,1+,1
55455,21.15.43 J0123797  +DBA:BANCS BIG SEGMENT TS FOUND!TSSPYO HAS 29 DATASETS(MAX 32) SYSJOB,1+,1
55456,21.14.30 J0123797  +DBA:BANCS BIG PARTITION TS FOUND!TSGECT PART 98 71.0% INUSE SYSJOB,1+,6
55457,21.11.35 J0123863 *IEF099I JOB NA100006 WAITING FOR DATA SETS,1+,0
55458,21.04.11 J0123722  +DBA:EISS BIG SEGMENT TS FOUND!CGEN263P HAS 22 DATASETS(MAX 32) SYSJOB,1+,1
55459,21.04.11 J0123722  +DBA:EISS BIG SEGMENT TS FOUND!CGEN048P HAS 21 DATASETS(MAX 32) SYSJOB,1+,1
55460,21.04.11 J0123722  +DBA:EISS BIG SEGMENT TS FOUND!CGEN050P HAS 21 DATASETS(MAX 32) SYSJOB,1+,1
55461,21.04.11 J0123722  +DBA:EISS BIG SEGMENT TS FOUND!CGEN245P HAS 24 DATASETS(MAX 32) SYSJOB,1+,1
55462,21.04.11 J0123722  +DBA:EISS BIG SEGMENT TS FOUND!CGEN246P HAS 21 DATASETS(MAX 32) SYSJOB,1+,1
55463,21.01.11 J0123684  +DBA:EISS BIG SEGMENT TS FOUND!CGEN758P HAS 20 DATASETS(MAX 32) SYSJOB,1+,1
55464,12.23.01 S0093013  DSNR035I  -DP31 DSNRPBCW WARNING - UNCOMMITTED UR AFTER 3 CHECKPOINTS - CORRELATION NAME = NS200007 -           CONNECTION ID  = UTILITY -           LUWID = BOCHQP.DP31APPL.D5731A48C996 = 74492 -           AUTHI,10+,9
55465,11.20.32 CP3D S0059824 *DSNB319A  -DP2Y DSNB1CNE THERE IS A SHORTAGE OF * SPACE *IN GROUP BUFFER POOL GBP0,1+,8
55466,08.06.29 CP2D S0007542  BSOEXTPDSS0 SEV=WAR CP2C Data Set: SYS0.MLIB.PARMLIB EXTENTS = 16 (Exts > 12),1+,9
55467,07.34.23 CP3D S0049241  BSOEXTPDSS0 SEV=WAR CP3C Data Set: SYS0.MLIB.PARMLIB EXTENTS = 14 (Exts > 12),1+,9
55468,07.26.56 J0050754 *IEF099I JOB AXBKOUT  WAITING FOR DATA SETS,1+,0
55469,07.05.00 S0093383  BSVOLDSNSS0 SEV=WAR CP1D Volser: P12190 TotalDSNs:10816 (TotalDSNs > 10000),1+,3
55470,07.05.00 S0093383  BSVOLDSNSS0 SEV=WAR CP1D Volser: P12090 TotalDSNs:10927 (TotalDSNs > 10000) TotalDSNs:10761 (TotalDSNs > 10000),1+,3
55471,07.05.00 S0093383  BSVOLDSNSS0 SEV=WAR CP1D Volser: P12191 TotalDSNs:10673 (TotalDSNs > 10000),1+,3
55472,07.05.00 S0093383  BSVOLDSNSS0 SEV=WAR CP1D Volser: P12678 TotalDSNs:10735 (TotalDSNs > 10000),1+,3
55473,07.05.00 S0093383  BSVOLDSNSS0 SEV=WAR CP1D Volser: P1267A TotalDSNs:10810 (TotalDSNs > 10000),1+,3
55474,07.05.00 S0093383  BSVOLDSNSS0 SEV=WAR CP1D Volser: P12091 TotalDSNs:10747 (TotalDSNs > 10000),1+,3
55475,07.05.00 S0093383  BSVOLDSNSS0 SEV=WAR CP1D Volser: P12290 TotalDSNs:10787 (TotalDSNs > 10000),1+,3
55476,07.05.00 S0093383  BSVOLDSNSS0 SEV=WAR CP1D Volser: PP2D35 TotalDSNs:10721 (TotalDSNs > 10000),1+,3
55477,07.05.01 CP2D S0007542  BSVOLDSNSS0 SEV=WAR CP2D Volser: P12679 TotalDSNs:10815 (TotalDSNs > 10000),1+,3
55478,07.05.01 CP2D S0007542  BSVOLDSNSS0 SEV=WAR CP2D Volser: P12778 TotalDSNs:10666 (TotalDSNs > 10000) TotalDSNs:10639 (TotalDSNs > 10000),1+,3
55479,07.05.01 CP2D S0007542  BSVOLDSNSS0 SEV=WAR CP2D Volser: P12092 TotalDSNs:10639 (TotalDSNs > 10000),1+,3
55480,07.05.01 CP2D S0007542  BSVOLDSNSS0 SEV=WAR CP2D Volser: P12E35 TotalDSNs:10543 (TotalDSNs > 10000),1+,3
55481,07.05.01 CP2D S0007542  BSVOLDSNSS0 SEV=WAR CP2D Volser: P12F36 TotalDSNs:10745 (TotalDSNs > 10000),1+,3
55482,07.05.01 CP2D S0007542  BSVOLDSNSS0 SEV=WAR CP2D Volser: P1267A TotalDSNs:10685 (TotalDSNs > 10000),1+,3
55483,07.05.01 CP2D S0007542  BSVOLDSNSS0 SEV=WAR CP2D Volser: PP2D37 TotalDSNs:10812 (TotalDSNs > 10000),1+,3
55484,07.05.01 CP2D S0007542  BSVOLDSNSS0 SEV=WAR CP2D Volser: P1277A TotalDSNs:10653 (TotalDSNs > 10000),1+,3
55485,07.05.01 CP2D S0007542  BSVOLDSNSS0 SEV=WAR CP2D Volser: P12678 TotalDSNs:10623 (TotalDSNs > 10000),1+,3
55486,07.05.01 CP2D S0007542  BSVOLDSNSS0 SEV=WAR CP2D Volser: P12291 TotalDSNs:10582 (TotalDSNs > 10000),1+,3
55487,07.05.01 CP2D S0007542  BSVOLDSNSS0 SEV=WAR CP2D Volser: P12E37 TotalDSNs:10802 (TotalDSNs > 10000),1+,3
55488,07.05.01 CP2D S0007542  BSVOLDSNSS0 SEV=WAR CP2D Volser: P12091 TotalDSNs:10638 (TotalDSNs > 10000),1+,3
55489,07.05.01 CP2D S0007542  BSVOLDSNSS0 SEV=WAR CP2D Volser: PP2D35 TotalDSNs:10605 (TotalDSNs > 10000),1+,3
55490,07.05.01 CP2D S0007542  BSVOLDSNSS0 SEV=WAR CP2D Volser: P12192 TotalDSNs:10968 (TotalDSNs > 10000),1+,3
55491,07.05.01 CP2D S0007542  BSVOLDSNSS0 SEV=WAR CP2D Volser: P12E36 TotalDSNs:10666 (TotalDSNs > 10000),1+,3
55492,07.05.01 CP2D S0007542  BSVOLDSNSS0 SEV=WAR CP2D Volser: P12F35 TotalDSNs:10587 (TotalDSNs > 10000),1+,3
55493,07.05.01 CP2D S0007542  BSVOLDSNSS0 SEV=WAR CP2D Volser: P12292 TotalDSNs:10652 (TotalDSNs > 10000),1+,3
55494,07.05.00 S0093383  BSVOLDSNSS0 SEV=WAR CP1D Volser: P12E37 TotalDSNs:10918 (TotalDSNs > 10000),1+,3
55495,07.05.00 S0093383  BSVOLDSNSS0 SEV=WAR CP1D Volser: P12778 TotalDSNs:10749 (TotalDSNs > 10000) TotalDSNs:10717 (TotalDSNs > 10000),1+,3
55496,07.05.00 S0093383  BSVOLDSNSS0 SEV=WAR CP1D Volser: PP2D37 TotalDSNs:10946 (TotalDSNs > 10000),1+,3
55497,07.05.01 CP2D S0007542  BSVOLDSNSS0 SEV=WAR CP2D Volser: P12F37 TotalDSNs:10502 (TotalDSNs > 10000),1+,3
55498,07.05.00 S0093383  BSVOLDSNSS0 SEV=WAR CP1D Volser: P12F37 TotalDSNs:10639 (TotalDSNs > 10000),1+,3
55499,07.05.00 S0093383  BSVOLDSNSS0 SEV=WAR CP1D Volser: P12E35 TotalDSNs:10663 (TotalDSNs > 10000),1+,3
55500,07.05.00 S0093383  BSVOLDSNSS0 SEV=WAR CP1D Volser: P1277A TotalDSNs:10782 (TotalDSNs > 10000),1+,3
55501,07.05.01 CP2D S0007542  BSVOLDSNSS0 SEV=WAR CP2D Volser: P12090 TotalDSNs:10795 (TotalDSNs > 10000),1+,3
55502,07.05.01 CP2D S0007542  BSVOLDSNSS0 SEV=WAR CP2D Volser: P12191 TotalDSNs:10594 (TotalDSNs > 10000),1+,3
55503,07.05.00 S0093383  BSVOLDSNSS0 SEV=WAR CP1D Volser: P12F36 TotalDSNs:10877 (TotalDSNs > 10000),1+,3
55504,07.05.00 S0093383  BSVOLDSNSS0 SEV=WAR CP1D Volser: P12E36 TotalDSNs:10761 (TotalDSNs > 10000),1+,3
55505,07.05.01 CP2D S0007542  BSVOLDSNSS0 SEV=WAR CP2D Volser: P12190 TotalDSNs:10689 (TotalDSNs > 10000),1+,3
55506,07.05.00 S0093383  BSVOLDSNSS0 SEV=WAR CP1D Volser: P12679 TotalDSNs:10951 (TotalDSNs > 10000),1+,3
55507,07.05.00 S0093383  BSVOLDSNSS0 SEV=WAR CP1D Volser: P12291 TotalDSNs:10708 (TotalDSNs > 10000),1+,3
55508,07.05.01 CP2D S0007542  BSVOLDSNSS0 SEV=WAR CP2D Volser: P12290 TotalDSNs:10642 (TotalDSNs > 10000),1+,3
55509,07.05.00 S0093383  BSVOLDSNSS0 SEV=WAR CP1D Volser: P12192 TotalDSNs:11094 (TotalDSNs > 10000),1+,3
55510,07.05.00 S0093383  BSVOLDSNSS0 SEV=WAR CP1D Volser: P12F35 TotalDSNs:10720 (TotalDSNs > 10000),1+,3
55511,07.05.00 S0093383  BSVOLDSNSS0 SEV=WAR CP1D Volser: P12092 TotalDSNs:10768 (TotalDSNs > 10000),1+,3
55512,05.18.24 J0049144 *IEF099I JOB G0FSP008 WAITING FOR DATA SETS,1+,0
55513,05.08.02 J0048639  +DBA:BANCS BIG SEGMENT TS FOUND!TSGPIS HAS 20 DATASETS(MAX 32) SYSJOB,1+,1
55514,05.08.02 J0048639  +DBA:BANCS BIG SEGMENT TS FOUND!TSSPYO HAS 29 DATASETS(MAX 32) SYSJOB,1+,1
55515,05.08.02 J0048639  +DBA:BANCS BIG SEGMENT TS FOUND!TSLMVU HAS 21 DATASETS(MAX 32) SYSJOB,1+,1
55516,05.06.09 J0048639  +DBA:BANCS BIG PARTITION TS FOUND!TSGECT PART 98 70.7% INUSE SYSJOB,1+,6
55517,05.04.12 J0048709  +DBA:EISS BIG SEGMENT TS FOUND!CGEN246P HAS 21 DATASETS(MAX 32) SYSJOB,1+,1
55518,05.04.12 J0048709  +DBA:EISS BIG SEGMENT TS FOUND!CGEN245P HAS 24 DATASETS(MAX 32) SYSJOB,1+,1
55519,05.04.12 J0048709  +DBA:EISS BIG SEGMENT TS FOUND!CGEN263P HAS 22 DATASETS(MAX 32) SYSJOB,1+,1
55520,05.04.12 J0048709  +DBA:EISS BIG SEGMENT TS FOUND!CGEN050P HAS 32 DATASETS(MAX 32) SYSJOB,1+,1
55521,05.04.12 J0048709  +DBA:EISS BIG SEGMENT TS FOUND!CGEN048P HAS 41 DATASETS(MAX 32) SYSJOB,1+,1
55522,05.01.12 J0048683  +DBA:EISS BIG SEGMENT TS FOUND!CGEN758P HAS 20 DATASETS(MAX 32) SYSJOB,1+,1
55523,04.13.28 CP3D J0061935 *IEF099I JOB DEDPAE23 WAITING FOR DATA SETS,1+,0
55524,04.13.11 CP3D J0061846 *IEF099I JOB DEDPAB23 WAITING FOR DATA SETS,1+,0
55525,03.55.07 CP3A S0005755  DSNB355I  -DP1Z DSNB5SCO GROUP BUFFER POOL GBP32K1 RECOVERY LRSN VALUES MIGHT CAUSE A DELAY IN GRECP RECOVERY. PAGE LEVEL   = 00D572AB539F56000000 -                    MEMBER LEVEL = 00D572AB92EDABA90600 -,10+,8
55526,"03.44.57 CP3B          *IXC585E STRUCTURE DSNDP0Z_GBP32K1 IN COUPLING * FACILITY BCC1C5, *PHYSICAL STRUCTURE VERSION D53F0745 74BC9AA0, *IS AT OR ABOVE STRUCTURE FULL MONITORING THRESHOLD OF 90%: *   SPACE USAGE     IN-USE       T",1+,8
55527,"03.54.13 CP2C           IOS080I 5ABD,7C,AM300030, I/O TIMEOUT INTERVAL HAS BEEN EXCEEDED FOR AN ACTIVE REQUEST. DATASET NAME=PRDC64R.LVEQ.TEMP.AM203010.S01",1+,4
55528,03.44.12 CP3B S0006883 *DSNB325A  -DP2Z DSNB1CNE THERE IS A CRITICAL * SHORTAGE *OF SPACE IN GROUP BUFFER POOL GBP32K1,1+,8
55529,03.44.02 CP3B S0006883 *DSNB319A  -DP2Z DSNB1CNE THERE IS A SHORTAGE OF * SPACE *IN GROUP BUFFER POOL GBP32K1,1+,8
55530,03.30.02 CP2C J0036377 *IEF099I JOB C4CARD00 WAITING FOR DATA SETS,1+,0
55531,03.05.59 S0092568 *DSNB319A  -DP11 DSNB1CNE THERE IS A SHORTAGE OF SPACE *IN GROUP BUFFER POOL GBP32K1,1+,8
55532,03.06.19 S0093536 *DSNB325A  -DP41 DSNB1CNE THERE IS A CRITICAL SHORTAGE *OF SPACE IN GROUP BUFFER POOL GBP32K1,1+,8
55533,03.00.00 J0044718 *IEF099I JOB G01SUOCR WAITING FOR DATA SETS,1+,0
55534,02.29.34 J0043350 *IEF099I JOB P1CICSDL WAITING FOR DATA SETS,1+,0
55535,02.15.02 CP3B J0050100 *IEF099I JOB RMFRPTD3 WAITING FOR DATA SETS,1+,0
55536,01.41.45 J0031229 *IEF099I JOB P1ZOSDL  WAITING FOR DATA SETS,1+,0
55537,01.40.13 J0031222 *IEF099I JOB G01S506B WAITING FOR DATA SETS,1+,0
55538,01.34.51 CP2B J0004522 *IEF099I JOB TMZ60000 WAITING FOR DATA SETS,1+,0
55539,01.05.04 CP3B J0043563 *IEF099I JOB SMFMRGCI WAITING FOR DATA SETS,1+,0
55540,01.05.04 J0030347 *IEF099I JOB SMFMRGCI WAITING FOR DATA SETS,1+,0
55541,01.00.08 CP3D J0042486 *IEF099I JOB SMFMRGOS WAITING FOR DATA SETS started connection 21.125.2.4,1+,0
55542,01.00.16 J0030277 *IEF099I JOB G01S023B WAITING FOR DATA SETS,1+,0
55543,00.26.25 S0092569  DSNR035I  -DP51 DSNRPBCW WARNING - UNCOMMITTED UR AFTER 3 CHECKPOINTS - CORRELATION NAME = ME980000 -           CONNECTION ID  = DB2CALL -           LUWID = BOCHQP.DP51APPL.D57275797931 = 61030 -           PLAN,10+,9
55544,00.04.21 J0025769 *IEF099I JOB G01S663B WAITING FOR DATA SETS,1+,0
55545,21.15.08 J0013608  +DBA:BANCS BIG SEGMENT TS FOUND!TSGPIS HAS 20 DATASETS(MAX 32) SYSJOB,1+,1
55546,21.15.08 J0013608  +DBA:BANCS BIG SEGMENT TS FOUND!TSLMVU HAS 21 DATASETS(MAX 32) SYSJOB,1+,1
55547,21.15.08 J0013608  +DBA:BANCS BIG SEGMENT TS FOUND!TSSPYO HAS 29 DATASETS(MAX 32) SYSJOB,1+,1
55548,21.13.34 J0013608  +DBA:BANCS BIG PARTITION TS FOUND!TSGECT PART 98 70.7% INUSE SYSJOB,1+,6
55549,21.11.50 J0013685 *IEF099I JOB NA100006 WAITING FOR DATA SETS,1+,0
55550,21.04.11 J0013521  +DBA:EISS BIG SEGMENT TS FOUND!CGEN048P HAS 20 DATASETS(MAX 32) SYSJOB,1+,1
55551,21.04.11 J0013521  +DBA:EISS BIG SEGMENT TS FOUND!CGEN263P HAS 22 DATASETS(MAX 32) SYSJOB,1+,1
55552,21.04.11 J0013521  +DBA:EISS BIG SEGMENT TS FOUND!CGEN246P HAS 21 DATASETS(MAX 32) SYSJOB,1+,1
55553,21.04.11 J0013521  +DBA:EISS BIG SEGMENT TS FOUND!CGEN050P HAS 21 DATASETS(MAX 32) SYSJOB,1+,1
55554,21.04.11 J0013521  +DBA:EISS BIG SEGMENT TS FOUND!CGEN245P HAS 24 DATASETS(MAX 32) SYSJOB,1+,1
55555,21.01.13 J0013510  +DBA:EISS BIG SEGMENT TS FOUND!CGEN758P HAS 20 DATASETS(MAX 32) SYSJOB,1+,1
55556,18.19.28 J0006126 *IEF099I JOB G01S583B WAITING FOR DATA SETS,1+,0
55557,16.45.12 J0191721 *IEF099I JOB G02NOCAH WAITING FOR DATA SETS,1+,0
55558,14.19.07 J0168409 *IEF099I JOB SUM01    WAITING FOR DATA SETS,1+,0
55559,12.22.05 S0093011  DSNR035I  -DP71 DSNRPBCW WARNING - UNCOMMITTED UR AFTER 3 CHECKPOINTS - CORRELATION NAME = NS200007 -           CONNECTION ID  = UTILITY -           LUWID = BOCHQP.DP71APPL.D571D86F642E = 119886 -           PLAN,10+,9
55560,10.20.18 J0146911 *IEF099I JOB G01S583B WAITING FOR DATA SETS,1+,0
55561,08.06.31 CP2D S0007542  BSOEXTPDSS0 SEV=WAR CP2C Data Set: SYS0.MLIB.PARMLIB EXTENTS = 16 (Exts > 12),1+,9
55562,07.05.04 CP2D S0007542  BSVOLDSNSS0 SEV=WAR CP2D Volser: P12192 TotalDSNs:10086 (TotalDSNs > 10000),1+,3
55563,07.05.00 S0093383  BSVOLDSNSS0 SEV=WAR CP1D Volser: PP2D37 TotalDSNs:10095 (TotalDSNs > 10000),1+,3
55564,07.05.00 S0093383  BSVOLDSNSS0 SEV=WAR CP1D Volser: P12092 TotalDSNs:10051 (TotalDSNs > 10000),1+,3
55565,07.05.00 S0093383  BSVOLDSNSS0 SEV=WAR CP1D Volser: P12678 TotalDSNs:10041 (TotalDSNs > 10000),1+,3
55566,07.05.00 S0093383  BSVOLDSNSS0 SEV=WAR CP1D Volser: P12192 TotalDSNs:10222 (TotalDSNs > 10000),1+,3
55567,07.05.00 S0093383  BSVOLDSNSS0 SEV=WAR CP1D Volser: P12679 TotalDSNs:10003 (TotalDSNs > 10000),1+,3
55568,07.05.00 S0093383  BSVOLDSNSS0 SEV=WAR CP1D Volser: P12E37 TotalDSNs:10065 (TotalDSNs > 10000),1+,3
55569,07.05.00 S0093383  BSVOLDSNSS0 SEV=WAR CP1D Volser: P12190 TotalDSNs:10086 (TotalDSNs > 10000),1+,3
55570,07.05.00 S0093383  BSVOLDSNSS0 SEV=WAR CP1D Volser: PP2D35 TotalDSNs:10018 (TotalDSNs > 10000),1+,3
55571,07.05.00 S0093383  BSVOLDSNSS0 SEV=WAR CP1D Volser: P12E36 TotalDSNs:10017 (TotalDSNs > 10000),1+,3
55572,07.05.00 S0093383  BSVOLDSNSS0 SEV=WAR CP1D Volser: P12779 TotalDSNs:10101 (TotalDSNs > 10000),1+,3
55573,07.02.58 S0093003  BQAPPQDEPS0 SEV=WAR QWP2 NamedQueue: APPISN.MI.WBIFN.SENDQ CURRENT DEPTH:2942 (CurrentDepth >= 2000),10+,9
55574,06.32.06 J0137184 *IEF099I JOB G0FSP008 WAITING FOR DATA SETS,1+,0
55575,05.23.39 J0136388 *IEF099I JOB AXBKOUT  WAITING FOR DATA SETS,1+,0
55576,05.22.15 S0093383  BSSTRGRUPS1 SEV=WAR CP1D SG: SGIMGDP CURRENT: 85.60 [Enabled%Full >= 85],10+,9
55577,05.07.04 J0135801  +DBA:BANCS BIG SEGMENT TS FOUND!TSGPIS HAS 20 DATASETS(MAX 32) SYSJOB,1+,1
55578,05.07.04 J0135801  +DBA:BANCS BIG SEGMENT TS FOUND!TSSPYO HAS 29 DATASETS(MAX 32) SYSJOB,1+,1
55579,05.07.04 J0135801  +DBA:BANCS BIG SEGMENT TS FOUND!TSLMVU HAS 21 DATASETS(MAX 32) SYSJOB,1+,1
55580,05.05.26 J0135801  +DBA:BANCS BIG PARTITION TS FOUND!TSGECT PART 98 70.4% INUSE SYSJOB,1+,6
55581,05.04.11 J0135877  +DBA:EISS BIG SEGMENT TS FOUND!CGEN245P HAS 24 DATASETS(MAX 32) SYSJOB,1+,1
55582,05.04.11 J0135877  +DBA:EISS BIG SEGMENT TS FOUND!CGEN050P HAS 21 DATASETS(MAX 32) SYSJOB,1+,1
55583,05.04.11 J0135877  +DBA:EISS BIG SEGMENT TS FOUND!CGEN263P HAS 22 DATASETS(MAX 32) SYSJOB,1+,1
55584,05.04.11 J0135877  +DBA:EISS BIG SEGMENT TS FOUND!CGEN048P HAS 20 DATASETS(MAX 32) SYSJOB,1+,1
55585,05.04.11 J0135877  +DBA:EISS BIG SEGMENT TS FOUND!CGEN246P HAS 21 DATASETS(MAX 32) SYSJOB,1+,1
55586,"04.32.05 CP3D J0153076 *IEF099I JOB DEDPG1S5 WAITING FOR DATA SETS COMPLETE VOLUME LIST, DSN=BKYP.L.A.AB.TSINXP.P00002.D181227.H20,VOLS=D56203,TOTALBLOCKS=5",100+,0
55587,04.31.57 CP3C J0153069 *IEF099I JOB DEDPG1U4 WAITING FOR DATA SETS,1+,0
55588,03.37.56 J0133080 *IEF099I JOB G01S506B WAITING FOR DATA SETS,1+,0
55589,03.00.00 J0132805 *IEF099I JOB G01SUOCR WAITING FOR DATA SETS,1+,0
55590,02.15.01 CP3A J0135902 *IEF099I JOB RMFRPTD3 WAITING FOR DATA SETS FROM S0142752 TPZ2,1+,0
55591,"02.07.21 CP2A           IOS080I 4CFB,C0,C4042231, I/O TIMEOUT INTERVAL HAS BEEN EXCEEDED FOR AN ACTIVE REQUEST. DATASET NAME=PRDC64R.LVEQ.ET.ETQD2042.A2301",1+,4
55592,01.34.04 CP2A J0135230 *IEF099I JOB TMZ60000 WAITING FOR DATA SETS,1+,0
55593,01.05.02 CP3B J0129686 *IEF099I JOB SMFMRGCI WAITING FOR DATA SETS,1+,0
55594,01.05.04 J0116966 *IEF099I JOB SMFMRGCI WAITING FOR DATA SETS @ PRODUCT WILL EXPIRE IN 05 DAYS,1+,0
55595,00.34.49 J0112782 *IEF099I JOB SA060000 WAITING FOR DATA SETS,1+,0
55596,23.48.03 J0112522 *IEF099I JOB G01S663B WAITING FOR DATA SETS,1+,0
55597,22.34.29 S0093011  DSNR035I  -DP71 DSNRPBCW WARNING - UNCOMMITTED UR AFTER 3 CHECKPOINTS - CORRELATION NAME = EH460002 -           CONNECTION ID  = BATCH -           PLAN NAME = DBCI1600 -           AUTHID = TWSP -           END U,10+,9
55598,"E2E:2018-12-27 22:19:15,050 ERROR [com.e2e.dc.service.impl.GetLogDataImpl] - Got SQL exception : java.sql.SQLException: ORA-12592: TNS:bad packet",10+,9
55599,21.19.48 J0100590 *IEF099I JOB NMFLAGRP WAITING FOR DATA SETS,1+,0
55600,21.14.55 J0100455  +DBA:BANCS BIG SEGMENT TS FOUND!TSSPYO HAS 28 DATASETS(MAX 32) SYSJOB,1+,1
55601,21.14.55 J0100455  +DBA:BANCS BIG SEGMENT TS FOUND!TSLMVU HAS 21 DATASETS(MAX 32) SYSJOB,1+,1
55602,21.14.55 J0100455  +DBA:BANCS BIG SEGMENT TS FOUND!TSGPIS HAS 20 DATASETS(MAX 32) SYSJOB,1+,1
55603,21.13.41 J0100455  +DBA:BANCS BIG PARTITION TS FOUND!TSGECT PART 98 70.4% INUSE SYSJOB,1+,6
55604,21.11.37 J0100526 *IEF099I JOB NA100006 WAITING FOR DATA SETS,1+,0
55605,21.04.11 J0100336  +DBA:EISS BIG SEGMENT TS FOUND!CGEN048P HAS 20 DATASETS(MAX 32) SYSJOB,1+,1
55606,21.04.11 J0100336  +DBA:EISS BIG SEGMENT TS FOUND!CGEN263P HAS 22 DATASETS(MAX 32) SYSJOB,1+,1
55607,21.04.11 J0100336  +DBA:EISS BIG SEGMENT TS FOUND!CGEN245P HAS 24 DATASETS(MAX 32) SYSJOB,1+,1
55608,21.04.11 J0100336  +DBA:EISS BIG SEGMENT TS FOUND!CGEN246P HAS 21 DATASETS(MAX 32) SYSJOB,1+,1
55609,21.04.11 J0100336  +DBA:EISS BIG SEGMENT TS FOUND!CGEN050P HAS 21 DATASETS(MAX 32) SYSJOB,1+,1
55610,四 12月 27 19:55:01 CST 2018 Netcool主机监控出现异常,10+,9
55611,"18.44.29 J0095306 *IEF099I JOB SENDHSKP WAITING FOR DATA SETS Scratch of volume UH0427 requested by host via device 0D1D, dsn='.BKINCTC.CA160414'",100+,0
55612,15.56.31 J0072945 *IEF099I JOB DB2SEL1  WAITING FOR DATA SETS BUFFER POOLS,1+,0
55613,15.51.42 J0072375 *IEF099I JOB CXCTEMP  WAITING FOR DATA SETS,1+,0
55614,15.49.09 S0092559  BZTPJSTRCS0 SEV=WAR ALL Jobname: EDGJSLU1 (CondCode > 4) OR (Abend Code <> '')         带库管理软件地址空间及批量备份作业返回码监控,10+,9
55615,15.44.57 J0071322 *IEF099I JOB CKSISCDS WAITING FOR DATA SETS,1+,0
55616,15.43.39 J0071304 *IEF099I JOB SMSRPTP1 WAITING FOR DATA SETS,1+,0
55617,15.43.16 J0071299 *IEF099I JOB CKSISCDS WAITING FOR DATA SETS,1+,0
55618,15.42.15 J0071273 *IEF099I JOB SMSRPTP1 WAITING FOR DATA SETS,1+,0
55619,14.01.47 J0059798 *IEF099I JOB IXTEMP   WAITING FOR DATA SETS,1+,0
55620,12.24.11 S0093537  DSNR035I  -DP81 DSNRPBCW WARNING - UNCOMMITTED UR AFTER 3 CHECKPOINTS - CORRELATION NAME = NS200035 -           CONNECTION ID  = UTILITY -           LUWID = BOCHQP.DP81APPL.D57096822B42 = 85431 -           PLAN,10+,9
55621,11.09.35 S0092559  BZTPJSTRCS0 SEV=WAR ALL Jobname: EDGJSLU1 (CondCode > 4) OR (Abend Code <> '')         带库管理软件地址空间及批量备份作业返回码监控,10+,9
55622,10.16.03 S0092559  BZTPJSTRCS0 SEV=WAR ALL Jobname: EDGJSLU1 (CondCode > 4) OR (Abend Code <> '')         带库管理软件地址空间及批量备份作业返回码监控,10+,9
55623,10.12.05 S0092559  BZTPJSTRCS0 SEV=WAR ALL Jobname: EDGJSLU1 (CondCode > 4) OR (Abend Code <> '')         带库管理软件地址空间及批量备份作业返回码监控,10+,9
55624,10.09.07 S0092559  BZTPJSTRCS0 SEV=WAR ALL Jobname: EDGJSLU1 (CondCode > 4) OR (Abend Code <> '')         带库管理软件地址空间及批量备份作业返回码监控,10+,9
55625,08.06.29 CP2D S0007542  BSOEXTPDSS0 SEV=WAR CP2C Data Set: SYS0.MLIB.PARMLIB EXTENTS = 16 (Exts > 12),1+,9
55626,07.30.10 J0034782 *IEF099I JOB G01S260B WAITING FOR DATA SETS,1+,0
55627,07.30.10 J0034784 *IEF099I JOB G01S126B WAITING FOR DATA SETS,1+,0
55628,07.30.06 J0034775 *IEF099I JOB G01S192B WAITING FOR DATA SETS,1+,0
55629,07.30.04 J0034769 *IEF099I JOB G01S310B WAITING FOR DATA SETS,1+,0
55630,07.05.04 S0093383  BSVOLDSNSS0 SEV=WAR CP1D Volser: P12F35 TotalDSNs:10188 (TotalDSNs > 10000),1+,3
55631,07.05.04 S0093383  BSVOLDSNSS0 SEV=WAR CP1D Volser: P12778 TotalDSNs:10227 (TotalDSNs > 10000),1+,3
55632,07.05.04 CP2D S0007542  BSVOLDSNSS0 SEV=WAR CP2D Volser: P12678 TotalDSNs:10204 (TotalDSNs > 10000),1+,3
55633,07.05.04 S0093383  BSVOLDSNSS0 SEV=WAR CP1D Volser: P12779 TotalDSNs:10213 (TotalDSNs > 10000),1+,3
55634,07.05.04 CP2D S0007542  BSVOLDSNSS0 SEV=WAR CP2D Volser: P12090 TotalDSNs:10009 (TotalDSNs > 10000),1+,3
55635,07.05.04 CP2D S0007542  BSVOLDSNSS0 SEV=WAR CP2D Volser: PP2D35 TotalDSNs:10154 (TotalDSNs > 10000),1+,3
55636,07.05.04 S0093383  BSVOLDSNSS0 SEV=WAR CP1D Volser: P12E37 TotalDSNs:10136 (TotalDSNs > 10000),1+,3
55637,07.05.04 CP2D S0007542  BSVOLDSNSS0 SEV=WAR CP2D Volser: P12190 TotalDSNs:10211 (TotalDSNs > 10000),1+,3
55638,07.05.04 S0093383  BSVOLDSNSS0 SEV=WAR CP1D Volser: P1277A TotalDSNs:10282 (TotalDSNs > 10000),1+,3
55639,07.05.04 CP2D S0007542  BSVOLDSNSS0 SEV=WAR CP2D Volser: P12091 TotalDSNs:10169 (TotalDSNs > 10000),1+,3
55640,07.05.04 CP2D S0007542  BSVOLDSNSS0 SEV=WAR CP2D Volser: P12192 TotalDSNs:10272 (TotalDSNs > 10000),1+,3
55641,07.05.04 CP2D S0007542  BSVOLDSNSS0 SEV=WAR CP2D Volser: P12191 TotalDSNs:10032 (TotalDSNs > 10000),1+,3
55642,07.05.04 CP2D S0007542  BSVOLDSNSS0 SEV=WAR CP2D Volser: P12F37 TotalDSNs:10067 (TotalDSNs > 10000),1+,3
55643,07.05.04 CP2D S0007542  BSVOLDSNSS0 SEV=WAR CP2D Volser: P12092 TotalDSNs:10269 (TotalDSNs > 10000) TotalDSNs:10002 (TotalDSNs > 10000),1+,3
55644,07.05.04 CP2D S0007542  BSVOLDSNSS0 SEV=WAR CP2D Volser: P12779 TotalDSNs:10129 (TotalDSNs > 10000),1+,3
55645,07.05.04 CP2D S0007542  BSVOLDSNSS0 SEV=WAR CP2D Volser: P12778 TotalDSNs:10141 (TotalDSNs > 10000),1+,3
55646,07.05.04 CP2D S0007542  BSVOLDSNSS0 SEV=WAR CP2D Volser: PP2D37 TotalDSNs:10061 (TotalDSNs > 10000),1+,3
55647,07.05.04 CP2D S0007542  BSVOLDSNSS0 SEV=WAR CP2D Volser: P1277A TotalDSNs:10195 (TotalDSNs > 10000),1+,3
55648,07.05.04 S0093383  BSVOLDSNSS0 SEV=WAR CP1D Volser: PP2D37 TotalDSNs:10157 (TotalDSNs > 10000),1+,3
55649,07.05.04 S0093383  BSVOLDSNSS0 SEV=WAR CP1D Volser: P12291 TotalDSNs:10257 (TotalDSNs > 10000),1+,3
55650,07.05.04 CP2D S0007542  BSVOLDSNSS0 SEV=WAR CP2D Volser: P12F35 TotalDSNs:10090 (TotalDSNs > 10000),1+,3
55651,07.05.04 S0093383  BSVOLDSNSS0 SEV=WAR CP1D Volser: P12E36 TotalDSNs:10217 (TotalDSNs > 10000),1+,3
55652,07.05.04 CP2D S0007542  BSVOLDSNSS0 SEV=WAR CP2D Volser: P12E36 TotalDSNs:10133 (TotalDSNs > 10000),1+,3
55653,07.05.04 CP2D S0007542  BSVOLDSNSS0 SEV=WAR CP2D Volser: P12E37 TotalDSNs:10057 (TotalDSNs > 10000),1+,3
55654,07.05.04 CP2D S0007542  BSVOLDSNSS0 SEV=WAR CP2D Volser: P12291 TotalDSNs:10167 (TotalDSNs > 10000),1+,3
55655,07.05.04 S0093383  BSVOLDSNSS0 SEV=WAR CP1D Volser: P12091 TotalDSNs:10263 (TotalDSNs > 10000),1+,3
55656,07.05.04 S0093383  BSVOLDSNSS0 SEV=WAR CP1D Volser: P12090 TotalDSNs:10092 (TotalDSNs > 10000),1+,3
55657,07.05.04 S0093383  BSVOLDSNSS0 SEV=WAR CP1D Volser: P12092 TotalDSNs:10346 (TotalDSNs > 10000) TotalDSNs:10066 (TotalDSNs > 10000),1+,3
55658,07.05.04 S0093383  BSVOLDSNSS0 SEV=WAR CP1D Volser: P12191 TotalDSNs:10118 (TotalDSNs > 10000),1+,3
55659,07.05.04 S0093383  BSVOLDSNSS0 SEV=WAR CP1D Volser: P12290 TotalDSNs:10012 (TotalDSNs > 10000),1+,3
55660,07.05.04 S0093383  BSVOLDSNSS0 SEV=WAR CP1D Volser: P12F37 TotalDSNs:10126 (TotalDSNs > 10000),1+,3
55661,07.05.04 S0093383  BSVOLDSNSS0 SEV=WAR CP1D Volser: PP2D35 TotalDSNs:10241 (TotalDSNs > 10000) TotalDSNs:10299 (TotalDSNs > 10000),1+,3
55662,07.05.04 S0093383  BSVOLDSNSS0 SEV=WAR CP1D Volser: P12192 TotalDSNs:10360 (TotalDSNs > 10000),1+,3
55663,07.05.04 S0093383  BSVOLDSNSS0 SEV=WAR CP1D Volser: P1267A TotalDSNs:10076 (TotalDSNs > 10000),1+,3
55664,07.05.04 S0093383  BSVOLDSNSS0 SEV=WAR CP1D Volser: P12F36 TotalDSNs:10064 (TotalDSNs > 10000),1+,3
55665,07.05.04 S0093383  BSVOLDSNSS0 SEV=WAR CP1D Volser: P12190 TotalDSNs:10317 (TotalDSNs > 10000),1+,3
55666,07.03.52 J0034350 *IEF099I JOB G0FSP008 WAITING FOR DATA SETS,1+,0
55667,05.53.36 J0033665 *IEF099I JOB A01M9258 WAITING FOR DATA SETS,1+,0
55668,05.27.28 J0033377 *IEF099I JOB AXBKOUT  WAITING FOR DATA SETS,1+,0
55669,05.22.19 S0093383  BSSTRGRUPS1 SEV=WAR CP1D SG: SGIMGDP CURRENT: 86.10 [Enabled%Full >= 85],10+,9
55670,"05.09.57 CP2B          *IXC585E STRUCTURE LOGRECSTRUCTURE IN COUPLING * FACILITY BCC2C2, *PHYSICAL STRUCTURE VERSION D3C53696 F18B86E4, *IS AT OR ABOVE STRUCTURE FULL MONITORING THRESHOLD OF 80%: *   SPACE USAGE     IN-USE       T",1+,8
55671,05.05.24 J0032641  +DBA:BANCS BIG SEGMENT TS FOUND!TSGPIS HAS 20 DATASETS(MAX 32) SYSJOB,1+,1
55672,05.05.25 J0032641  +DBA:BANCS BIG SEGMENT TS FOUND!TSSPYO HAS 28 DATASETS(MAX 32) SYSJOB,1+,1
55673,05.05.24 J0032641  +DBA:BANCS BIG SEGMENT TS FOUND!TSLMVU HAS 21 DATASETS(MAX 32) SYSJOB,1+,1
55674,05.04.12 J0032735  +DBA:EISS BIG SEGMENT TS FOUND!CGEN246P HAS 21 DATASETS(MAX 32) SYSJOB,1+,1
55675,05.04.12 J0032735  +DBA:EISS BIG SEGMENT TS FOUND!CGEN048P HAS 20 DATASETS(MAX 32) SYSJOB,1+,1
55676,05.04.12 J0032735  +DBA:EISS BIG SEGMENT TS FOUND!CGEN050P HAS 21 DATASETS(MAX 32) SYSJOB,1+,1
55677,05.04.12 J0032735  +DBA:EISS BIG SEGMENT TS FOUND!CGEN245P HAS 24 DATASETS(MAX 32) SYSJOB,1+,1
55678,05.03.55 J0032641  +DBA:BANCS BIG PARTITION TS FOUND!TSGECT PART 98 70.2% INUSE SYSJOB,1+,6
55679,04.46.37 J0032344 *IEF099I JOB G01S506B WAITING FOR DATA SETS,1+,0
55680,04.31.52 CP3D J0039268 *IEF099I JOB DEDPG1U4 WAITING FOR DATA SETS,1+,0
55681,04.31.48 CP3C J0039251 *IEF099I JOB DEDPGBU4 WAITING FOR DATA SETS,1+,0
55682,04.24.59 CP3C J0037948 *IEF099I JOB DEDPAE31 WAITING FOR DATA SETS,1+,0
55683,04.24.53 CP3C J0037929 *IEF099I JOB DEDPAB31 WAITING FOR DATA SETS,1+,0
55684,04.00.01 J0030763 *IEF099I JOB G01SUOCR WAITING FOR DATA SETS,1+,0
55685,"02.07.04 CP2C           IOS080I 58CC,7C,C4042133, I/O TIMEOUT INTERVAL HAS BEEN EXCEEDED FOR AN ACTIVE REQUEST. DATASET NAME=PRDC64R.LVEQ.ET.ETQD2042.A1303",1+,4
55686,03.03.37 CP3C S0048685  BZTPJSTRCS0 SEV=WAR ALL Jobname: EDGJSLU3 (CondCode > 4) OR (Abend Code <> '')         带库管理软件地址空间及批量备份作业返回码监控,10+,9
55687,02.59.17 CP2A J0097352 *IEF099I JOB C4CARD01 WAITING FOR DATA SETS,1+,0
55688,*02.59.17 CP2A J0097352 *IEF099I JOB C4CARD01 WAITING FOR DATA SETS,1+,0
55689,01.18.42 S0093536 *DSNB319A  -DP41 DSNB1CNE THERE IS A SHORTAGE OF SPACE *IN GROUP BUFFER POOL GBP3,1+,8
55690,02.15.04 CP3A J0023052 *IEF099I JOB RMFRPTD3 WAITING FOR DATA SETS,1+,0
55691,02.12.52 J0027003 *IEF099I JOB P1CICSDL WAITING FOR DATA SETS,1+,0
55692,*01.39.26 J0015118 *IEF099I JOB P1ZOSDL  WAITING FOR DATA SETS,1+,0
55693,01.39.26 J0015118 *IEF099I JOB P1ZOSDL  WAITING FOR DATA SETS,1+,0
55694,01.31.26 CP2A J0066265 *IEF099I JOB TMZ60000 WAITING FOR DATA SETS,1+,0
55695,01.05.02 CP3B J0016371 *IEF099I JOB SMFMRGCI WAITING FOR DATA SETS,1+,0
55696,"01.05.02 J0014445 *IEF099I JOB SMFMRGCI WAITING FOR DATA SETS DECEMBER 27, 2018",1+,0
55697,01.00.07 CP3D J0015148 *IEF099I JOB SMFMRGOS WAITING FOR DATA SETS,1+,0
55698,00.43.46 S0093402  DSNR035I  -DP21 DSNRPBCW WARNING - UNCOMMITTED UR AFTER 3 CHECKPOINTS - CORRELATION NAME = SS160023 -           CONNECTION ID  = UTILITY -           LUWID = BOCHQP.DP21APPL.D56FFB0B4039 = 113860 -           PLAN,10+,9
55699,00.34.48 J0010188 *IEF099I JOB SA060000 WAITING FOR DATA SETS,1+,0
55700,"E2E:2018-12-26 22:19:46,411 ERROR [com.e2e.dc.service.impl.GetLogDataImpl] - Got SQL exception : java.sql.SQLException: ORA-12592: TNS:bad packet",10+,9
55701,21.15.36 J0197703  +DBA:BANCS BIG SEGMENT TS FOUND!TSGPIS HAS 20 DATASETS(MAX 32) SYSJOB,1+,1
55702,21.15.36 J0197703  +DBA:BANCS BIG SEGMENT TS FOUND!TSLMVU HAS 21 DATASETS(MAX 32) SYSJOB,1+,1
55703,21.15.36 J0197703  +DBA:BANCS BIG SEGMENT TS FOUND!TSSPYO HAS 28 DATASETS(MAX 32) SYSJOB,1+,1
55704,21.14.25 J0197703  +DBA:BANCS BIG PARTITION TS FOUND!TSGECT PART 98 70.2% INUSE SYSJOB,1+,6
55705,21.12.46 J0197775 *IEF099I JOB NA100009 WAITING FOR DATA SETS,1+,0
55706,21.04.10 J0197647  +DBA:EISS BIG SEGMENT TS FOUND!CGEN263P HAS 22 DATASETS(MAX 32) SYSJOB,1+,1
55707,21.04.10 J0197647  +DBA:EISS BIG SEGMENT TS FOUND!CGEN245P HAS 24 DATASETS(MAX 32) SYSJOB,1+,1
55708,21.04.10 J0197647  +DBA:EISS BIG SEGMENT TS FOUND!CGEN050P HAS 21 DATASETS(MAX 32) SYSJOB,1+,1
55709,21.04.10 J0197647  +DBA:EISS BIG SEGMENT TS FOUND!CGEN048P HAS 20 DATASETS(MAX 32) SYSJOB,1+,1
55710,21.04.10 J0197647  +DBA:EISS BIG SEGMENT TS FOUND!CGEN246P HAS 21 DATASETS(MAX 32) SYSJOB,1+,1
55711,20.00.08 J0196300 *IEF099I JOB G0GETPHX WAITING FOR DATA SETS,1+,0
55712,15.43.49 CP2A J0052580 *IEF099I JOB YX0001S  WAITING FOR DATA SETS,1+,0
55713,15.37.14 J0170338 *IEF099I JOB SQL530   WAITING FOR DATA SETS,1+,0
55714,12.20.12 S0093536  DSNR035I  -DP41 DSNRPBCW WARNING - UNCOMMITTED UR AFTER 3 CHECKPOINTS - CORRELATION NAME = NS200028 -           CONNECTION ID  = UTILITY -           LUWID = BOCHQP.DP41APPL.D56F54A9F358 = 23340 -           PLAN,10+,9
55715,"10.24.29 CP2A S0187815  DSNP007I  -DP11 DSNPXTN0 - EXTEND FAILED FOR DSNDP01S.DSNDBD.DP11WORK.DSN32K20.I0001.A001. RC=00D70027 -            CONNECTION-ID=BATCH, CORRELATION-ID=XREF261, -            LUW-ID=DSNDP01.DP11APPL.D56F3C11",10+,9
55716,08.13.44 J0136476 *IEF099I JOB G00S077B WAITING FOR DATA SETS,1+,0
55717,08.06.31 CP2D S0007542  BSOEXTPDSS0 SEV=WAR CP2C Data Set: SYS0.MLIB.PARMLIB EXTENTS = 16 (Exts > 12),1+,9
55718,05.45.48 J0134805 *IEF099I JOB A01M9251 WAITING FOR DATA SETS,1+,0
55719,05.22.14 J0134588 *IEF099I JOB AXBKOUT  WAITING FOR DATA SETS,1+,0
55720,05.05.49 J0133863  +DBA:BANCS BIG SEGMENT TS FOUND!TSLMVU HAS 21 DATASETS(MAX 32) SYSJOB,1+,1
55721,05.05.48 J0133863  +DBA:BANCS BIG SEGMENT TS FOUND!TSGPIS HAS 20 DATASETS(MAX 32) SYSJOB,1+,1
55722,05.05.49 J0133863  +DBA:BANCS BIG SEGMENT TS FOUND!TSSPYO HAS 28 DATASETS(MAX 32) SYSJOB,1+,1
55723,05.04.46 J0133863  +DBA:BANCS BIG PARTITION TS FOUND!TSINCT PART 398 85.7% INUSE SYSJOB,1+,6
55724,05.04.45 J0133863  +DBA:BANCS BIG PARTITION TS FOUND!TSINCT PART 348 86.9% INUSE SYSJOB,1+,6
55725,05.04.44 J0133863  +DBA:BANCS BIG PARTITION TS FOUND!TSINCT PART 338 86.3% INUSE SYSJOB,1+,6
55726,05.04.43 J0133863  +DBA:BANCS BIG PARTITION TS FOUND!TSINCT PART 328 86.6% INUSE SYSJOB,1+,6
55727,05.04.44 J0133863  +DBA:BANCS BIG PARTITION TS FOUND!TSINCT PART 343 87.0% INUSE SYSJOB,1+,6
55728,05.04.38 J0133863  +DBA:BANCS BIG PARTITION TS FOUND!TSINCT PART 123 89.1% INUSE SYSJOB,1+,6
55729,05.04.11 J0134165  +DBA:EISS BIG SEGMENT TS FOUND!CGEN050P HAS 21 DATASETS(MAX 32) SYSJOB,1+,1
55730,05.04.11 J0134165  +DBA:EISS BIG SEGMENT TS FOUND!CGEN245P HAS 24 DATASETS(MAX 32) SYSJOB,1+,1
55731,05.04.11 J0134165  +DBA:EISS BIG SEGMENT TS FOUND!CGEN263P HAS 22 DATASETS(MAX 32) SYSJOB,1+,1
55732,05.04.11 J0134165  +DBA:EISS BIG SEGMENT TS FOUND!CGEN048P HAS 20 DATASETS(MAX 32) SYSJOB,1+,1
55733,04.56.25 S0092567  DSNB355I  -DP1C DSNB5SCO GROUP BUFFER POOL GBP2 RECOVERY LRSN VALUES MIGHT CAUSE A DELAY IN GRECP RECOVERY. PAGE LEVEL   = 00D56EF1B6F04D000000 -                    MEMBER LEVEL = 00D56EF1B5CE90526400 - PAGE LEV,10+,8
55734,04.31.28 CP3C J0126393 *IEF099I JOB DEDPGBU4 WAITING FOR DATA SETS,1+,0
55735,04.13.07 J0133263 *IEF099I JOB G01S506B WAITING FOR DATA SETS,1+,0
55736,03.11.02 CP2A J0028068 *IEF099I JOB C4CARD01 WAITING FOR DATA SETS,1+,0
55737,03.00.01 J0129906 *IEF099I JOB G01SUOCR WAITING FOR DATA SETS,1+,0
55738,02.41.29 S0092559  BZTPJSTRCS0 SEV=WAR ALL Jobname: EDGJSLU1 (CondCode > 4) OR (Abend Code <> '')         带库管理软件地址空间及批量备份作业返回码监控,10+,9
55739,02.30.22 J0128561 *IEF099I JOB P1CICSDL WAITING FOR DATA SETS,1+,0
55740,02.15.01 CP3B J0110055 *IEF099I JOB RMFRPTD3 WAITING FOR DATA SETS,1+,0
55741,"02.09.39 CP2B           IOS080I 42E1,4B,RI51MITD, I/O TIMEOUT INTERVAL HAS BEEN EXCEEDED FOR AN ACTIVE REQUEST. DATASET NAME=PRDCBSR.LVEQ.RP.RPTDZFSM.RI51C15D",1+,4
55742,01.43.01 J0116583 *IEF099I JOB P1ZOSDL  WAITING FOR DATA SETS,1+,0
55743,01.38.53 CP2D J0196877 *IEF099I JOB TMZ60000 WAITING FOR DATA SETS,1+,0
55744,01.27.03 S0093536 *DSNB319A  -DP41 DSNB1CNE THERE IS A SHORTAGE OF SPACE *IN GROUP BUFFER POOL GBP3,1+,8
55745,01.05.01 CP3B J0103527 *IEF099I JOB SMFMRGCI WAITING FOR DATA SETS,1+,0
55746,01.05.02 J0115908 *IEF099I JOB SMFMRGDB WAITING FOR DATA SETS,1+,0
55747,01.05.03 J0115909 *IEF099I JOB SMFMRGCI WAITING FOR DATA SETS,1+,0
55748,01.00.06 CP3D J0102391 *IEF099I JOB SMFMRGOS WAITING FOR DATA SETS,1+,0
55749,00.23.16 S0093011  DSNR035I  -DP71 DSNRPBCW WARNING - UNCOMMITTED UR AFTER 3 CHECKPOINTS - CORRELATION NAME = ME980000 -           CONNECTION ID  = DB2CALL -           LUWID = BOCHQP.DP71APPL.D56EB119BFDA = 143193 -           PLAN,10+,9
55750,23.55.31 J0111415 *IEF099I JOB G01S663B WAITING FOR DATA SETS,1+,0
55751,"E2E:2018-12-25 22:20:14,316 ERROR [com.e2e.dc.service.impl.GetLogDataImpl] - Got SQL exception : java.sql.SQLException: ORA-12592: TNS:bad packet",10+,9
55752,21.15.39 J0099358  +DBA:BANCS BIG SEGMENT TS FOUND!TSGPIS HAS 20 DATASETS(MAX 32) SYSJOB,1+,1
55753,21.15.39 J0099358  +DBA:BANCS BIG SEGMENT TS FOUND!TSLMVU HAS 21 DATASETS(MAX 32) SYSJOB,1+,1
55754,21.15.39 J0099358  +DBA:BANCS BIG SEGMENT TS FOUND!TSSPYO HAS 28 DATASETS(MAX 32) SYSJOB,1+,1
55755,21.14.36 J0099358  +DBA:BANCS BIG PARTITION TS FOUND!TSINCT PART 338 86.3% INUSE SYSJOB,1+,6
55756,21.14.36 J0099358  +DBA:BANCS BIG PARTITION TS FOUND!TSINCT PART 333 86.4% INUSE SYSJOB,1+,6
55757,21.14.37 J0099358  +DBA:BANCS BIG PARTITION TS FOUND!TSINCT PART 348 86.9% INUSE SYSJOB,1+,6
55758,21.14.36 J0099358  +DBA:BANCS BIG PARTITION TS FOUND!TSINCT PART 343 87.0% INUSE SYSJOB,1+,6
55759,21.14.35 J0099358  +DBA:BANCS BIG PARTITION TS FOUND!TSINCT PART 328 86.6% INUSE SYSJOB,1+,6
55760,21.14.38 J0099358  +DBA:BANCS BIG PARTITION TS FOUND!TSINCT PART 398 85.7% INUSE SYSJOB,1+,6
55761,21.14.30 J0099358  +DBA:BANCS BIG PARTITION TS FOUND!TSINCT PART 123 89.1% INUSE SYSJOB,1+,6
55762,21.11.14 J0099424 *IEF099I JOB NA100006 WAITING FOR DATA SETS,1+,0
55763,"E2E:2018-12-25 21:01:25,763 ERROR [com.e2e.dc.service.impl.SendEventImpl] - Connect Failed",1+,2
55764,"E2E:2018-12-25 21:01:47,460 ERROR [com.e2e.dc.service.impl.SendEventImpl] - Connect Failed",1+,2
55765,"E2E:2018-12-25 21:01:42,408 ERROR [com.e2e.dc.service.impl.SendEventImpl] - Connect Failed",1+,2
55766,2018-12-25 19:58:01 Error: The application process is down: /streams/InfoSphereStreams/system/impl/bin/streams-pec,10+,9
55767,2018-12-25 19:56:01 Error: The application process is down: /streams/InfoSphereStreams/system/impl/bin/streams-pec,10+,9
55768,21.04.11 J0099284  +DBA:EISS BIG SEGMENT TS FOUND!CGEN245P HAS 24 DATASETS(MAX 32) SYSJOB,1+,1
55769,21.04.11 J0099284  +DBA:EISS BIG SEGMENT TS FOUND!CGEN048P HAS 20 DATASETS(MAX 32) SYSJOB,1+,1
55770,21.04.11 J0099284  +DBA:EISS BIG SEGMENT TS FOUND!CGEN246P HAS 21 DATASETS(MAX 32) SYSJOB,1+,1
55771,21.04.11 J0099284  +DBA:EISS BIG SEGMENT TS FOUND!CGEN050P HAS 21 DATASETS(MAX 32) SYSJOB,1+,1
55772,21.04.11 J0099284  +DBA:EISS BIG SEGMENT TS FOUND!CGEN263P HAS 22 DATASETS(MAX 32) SYSJOB,1+,1
55773,端到端:ERROR CN streamsjob healthy not good!,10+,9
55774,端到端:ERROR OVERSEA streamsjob healthy not good!,10+,9
55775,2018-12-25 19:56:01 Error: The application process is down: /streams/InfoSphereStreams/system/impl/bin/streams-pec,10+,9
55776,端到端:ERROR CN streamsjob status not running!,10+,9
55777,端到端:ERROR OVERSEA streamsjob status not running!,10+,9
55778,"E2E:2018-12-25 21:00:14,083 ERROR [com.e2e.dc.service.impl.SendEventImpl] - Connect Failed",1+,2
55779,"E2E:2018-12-25 21:01:08,584 ERROR [com.e2e.dc.service.impl.SendEventImpl] - Connect Failed",1+,2
55780,"E2E:2018-12-25 21:00:44,084 ERROR [com.e2e.dc.service.impl.SendEventImpl] - Connect Failed",1+,2
55781,"E2E:2018-12-25 21:00:17,451 ERROR [com.e2e.dc.service.impl.SendEventImpl] - Connect Failed",1+,2
55782,"E2E:2018-12-25 21:01:17,441 ERROR [com.e2e.dc.service.impl.SendEventImpl] - Connect Failed",1+,2
55783,"E2E:2018-12-25 20:59:47,449 ERROR [com.e2e.dc.service.impl.SendEventImpl] - Connect Failed",1+,2
55784,"E2E:2018-12-25 20:59:38,580 ERROR [com.e2e.dc.service.impl.SendEventImpl] - Connect Failed",1+,2
55785,"E2E:2018-12-25 21:00:47,440 ERROR [com.e2e.dc.service.impl.SendEventImpl] - Connect Failed",1+,2
55786,"E2E:2018-12-25 21:00:42,397 ERROR [com.e2e.dc.service.impl.SendEventImpl] - Connect Failed",1+,2
55787,"E2E:2018-12-25 21:00:40,356 ERROR [com.e2e.dc.service.impl.SendEventImpl] - Connect Failed",1+,2
55788,"E2E:2018-12-25 20:59:25,749 ERROR [com.e2e.dc.service.impl.SendEventImpl] - Connect Failed",1+,2
55789,"E2E:2018-12-25 20:59:42,394 ERROR [com.e2e.dc.service.impl.SendEventImpl] - Connect Failed",1+,2
55790,"E2E:2018-12-25 21:00:10,173 ERROR [com.e2e.dc.service.impl.SendEventImpl] - Connect Failed",1+,2
55791,"E2E:2018-12-25 20:59:44,081 ERROR [com.e2e.dc.service.impl.SendEventImpl] - Connect Failed",1+,2
55792,"E2E:2018-12-25 20:59:40,172 ERROR [com.e2e.dc.service.impl.SendEventImpl] - Connect Failed",1+,2
55793,"E2E:2018-12-25 21:00:08,581 ERROR [com.e2e.dc.service.impl.SendEventImpl] - Connect Failed",1+,2
55794,"E2E:2018-12-25 21:00:12,395 ERROR [com.e2e.dc.service.impl.SendEventImpl] - Connect Failed",1+,2
55795,"E2E:2018-12-25 21:01:10,178 ERROR [com.e2e.dc.service.impl.SendEventImpl] - Connect Failed",1+,2
55796,"E2E:2018-12-25 21:00:17,439 ERROR [com.e2e.dc.service.impl.SendEventImpl] - Connect Failed",1+,2
55797,"E2E:2018-12-25 21:01:14,086 ERROR [com.e2e.dc.service.impl.SendEventImpl] - Connect Failed",1+,2
55798,"E2E:2018-12-25 21:00:10,354 ERROR [com.e2e.dc.service.impl.SendEventImpl] - Connect Failed",1+,2
55799,"E2E:2018-12-25 21:00:38,583 ERROR [com.e2e.dc.service.impl.SendEventImpl] - Connect Failed",1+,2
55800,"E2E:2018-12-25 21:01:10,357 ERROR [com.e2e.dc.service.impl.SendEventImpl] - Connect Failed",1+,2
55801,"E2E:2018-12-25 20:59:47,437 ERROR [com.e2e.dc.service.impl.SendEventImpl] - Connect Failed",1+,2
55802,"E2E:2018-12-25 21:01:17,454 ERROR [com.e2e.dc.service.impl.SendEventImpl] - Connect Failed",1+,2
55803,"E2E:2018-12-25 21:01:12,400 ERROR [com.e2e.dc.service.impl.SendEventImpl] - Connect Failed",1+,2
55804,"E2E:2018-12-25 21:00:25,752 ERROR [com.e2e.dc.service.impl.SendEventImpl] - Connect Failed",1+,2
55805,"E2E:2018-12-25 20:59:40,353 ERROR [com.e2e.dc.service.impl.SendEventImpl] - Connect Failed",1+,2
55806,"E2E:2018-12-25 21:00:40,176 ERROR [com.e2e.dc.service.impl.SendEventImpl] - Connect Failed",1+,2
55807,"E2E:2018-12-25 20:59:55,751 ERROR [com.e2e.dc.service.impl.SendEventImpl] - Connect Failed",1+,2
55808,"E2E:2018-12-25 21:00:47,453 ERROR [com.e2e.dc.service.impl.SendEventImpl] - Connect Failed",1+,2
55809,"E2E:2018-12-25 21:00:55,761 ERROR [com.e2e.dc.service.impl.SendEventImpl] - Connect Failed",1+,2
55810,端到端:ERROR CN streamsjob status not running!,10+,9
55811,端到端:ERROR OVERSEA streamsjob healthy not good!,10+,9
55812,端到端:ERROR OVERSEA streamsjob status not running!,10+,9
55813,端到端:ERROR CN streamsjob healthy not good!,10+,9
55814,"E2E: 19.56.20 CP3B S0018082  BPXM023I [STCTVLI] ILGDC08E:socket reconnect failed,ThreadId:1        端到端主机Log DC重连Socket失败，Log DC线程退出。",1000+,9
55815,"E2E:2018-12-25 20:59:08,578 ERROR [com.e2e.dc.service.impl.SendEventImpl] - Connect Failed",1+,2
55816,"E2E:2018-12-25 20:58:10,349 ERROR [com.e2e.dc.service.impl.SendEventImpl] - Connect Failed",1+,2
55817,"E2E:2018-12-25 20:58:47,446 ERROR [com.e2e.dc.service.impl.SendEventImpl] - Connect Failed",1+,2
55818,"E2E:2018-12-25 20:58:42,390 ERROR [com.e2e.dc.service.impl.SendEventImpl] - Connect Failed",1+,2
55819,"E2E:2018-12-25 20:57:25,742 ERROR [com.e2e.dc.service.impl.SendEventImpl] - Connect Failed",1+,2
55820,"E2E:2018-12-25 20:58:40,169 ERROR [com.e2e.dc.service.impl.SendEventImpl] - Connect Failed",1+,2
55821,"E2E:2018-12-25 20:59:17,448 ERROR [com.e2e.dc.service.impl.SendEventImpl] - Connect Failed",1+,2
55822,"E2E:2018-12-25 20:58:10,168 ERROR [com.e2e.dc.service.impl.SendEventImpl] - Connect Failed",1+,2
55823,"E2E:2018-12-25 20:57:40,347 ERROR [com.e2e.dc.service.impl.SendEventImpl] - Connect Failed",1+,2
55824,"E2E:2018-12-25 20:58:55,747 ERROR [com.e2e.dc.service.impl.SendEventImpl] - Connect Failed",1+,2
55825,"E2E:2018-12-25 20:59:10,352 ERROR [com.e2e.dc.service.impl.SendEventImpl] - Connect Failed",1+,2
55826,"E2E:2018-12-25 20:57:40,166 ERROR [com.e2e.dc.service.impl.SendEventImpl] - Connect Failed",1+,2
55827,"E2E:2018-12-25 20:57:42,387 ERROR [com.e2e.dc.service.impl.SendEventImpl] - Connect Failed",1+,2
55828,"E2E:2018-12-25 20:57:47,443 ERROR [com.e2e.dc.service.impl.SendEventImpl] - Connect Failed",1+,2
55829,"E2E:2018-12-25 20:57:44,072 ERROR [com.e2e.dc.service.impl.SendEventImpl] - Connect Failed",1+,2
55830,"E2E:2018-12-25 20:58:25,745 ERROR [com.e2e.dc.service.impl.SendEventImpl] - Connect Failed",1+,2
55831,"E2E:2018-12-25 20:58:44,078 ERROR [com.e2e.dc.service.impl.SendEventImpl] - Connect Failed",1+,2
55832,"E2E:2018-12-25 20:59:10,171 ERROR [com.e2e.dc.service.impl.SendEventImpl] - Connect Failed",1+,2
55833,"E2E:2018-12-25 20:59:17,436 ERROR [com.e2e.dc.service.impl.SendEventImpl] - Connect Failed",1+,2
55834,"E2E:2018-12-25 20:57:38,572 ERROR [com.e2e.dc.service.impl.SendEventImpl] - Connect Failed",1+,2
55835,"E2E:2018-12-25 20:58:08,575 ERROR [com.e2e.dc.service.impl.SendEventImpl] - Connect Failed",1+,2
55836,"E2E:2018-12-25 20:58:17,445 ERROR [com.e2e.dc.service.impl.SendEventImpl] - Connect Failed",1+,2
55837,"E2E:2018-12-25 20:58:17,432 ERROR [com.e2e.dc.service.impl.SendEventImpl] - Connect Failed",1+,2
55838,"E2E:2018-12-25 20:58:12,388 ERROR [com.e2e.dc.service.impl.SendEventImpl] - Connect Failed",1+,2
55839,"E2E:2018-12-25 20:58:38,577 ERROR [com.e2e.dc.service.impl.SendEventImpl] - Connect Failed",1+,2
55840,"E2E:2018-12-25 20:58:47,435 ERROR [com.e2e.dc.service.impl.SendEventImpl] - Connect Failed",1+,2
55841,"E2E:2018-12-25 20:57:47,431 ERROR [com.e2e.dc.service.impl.SendEventImpl] - Connect Failed",1+,2
55842,"E2E:2018-12-25 20:59:14,079 ERROR [com.e2e.dc.service.impl.SendEventImpl] - Connect Failed",1+,2
55843,"E2E:2018-12-25 20:58:40,350 ERROR [com.e2e.dc.service.impl.SendEventImpl] - Connect Failed",1+,2
55844,"E2E:2018-12-25 20:58:14,077 ERROR [com.e2e.dc.service.impl.SendEventImpl] - Connect Failed",1+,2
55845,"E2E:2018-12-25 20:57:55,744 ERROR [com.e2e.dc.service.impl.SendEventImpl] - Connect Failed",1+,2
55846,"E2E:2018-12-25 20:59:12,392 ERROR [com.e2e.dc.service.impl.SendEventImpl] - Connect Failed",1+,2
55847,"E2E:2018-12-25 20:56:47,440 ERROR [com.e2e.dc.service.impl.SendEventImpl] - Connect Failed",1+,2
55848,"E2E:2018-12-25 20:56:38,569 ERROR [com.e2e.dc.service.impl.SendEventImpl] - Connect Failed",1+,2
55849,"E2E:2018-12-25 20:56:25,739 ERROR [com.e2e.dc.service.impl.SendEventImpl] - Connect Failed",1+,2
55850,"E2E:2018-12-25 20:56:55,740 ERROR [com.e2e.dc.service.impl.SendEventImpl] - Connect Failed",1+,2
55851,"E2E:2018-12-25 20:55:38,567 ERROR [com.e2e.dc.service.impl.SendEventImpl] - Connect Failed",1+,2
55852,"E2E:2018-12-25 20:56:40,164 ERROR [com.e2e.dc.service.impl.SendEventImpl] - Connect Failed",1+,2
55853,"E2E:2018-12-25 20:55:44,066 ERROR [com.e2e.dc.service.impl.SendEventImpl] - Connect Failed",1+,2
55854,"E2E:2018-12-25 20:57:17,442 ERROR [com.e2e.dc.service.impl.SendEventImpl] - Connect Failed",1+,2
55855,"E2E:2018-12-25 20:55:47,425 ERROR [com.e2e.dc.service.impl.SendEventImpl] - Connect Failed",1+,2
55856,"E2E:2018-12-25 20:55:40,161 ERROR [com.e2e.dc.service.impl.SendEventImpl] - Connect Failed",1+,2
55857,"E2E:2018-12-25 20:57:17,429 ERROR [com.e2e.dc.service.impl.SendEventImpl] - Connect Failed",1+,2
55858,"E2E:2018-12-25 20:57:14,070 ERROR [com.e2e.dc.service.impl.SendEventImpl] - Connect Failed",1+,2
55859,"E2E:2018-12-25 20:55:40,342 ERROR [com.e2e.dc.service.impl.SendEventImpl] - Connect Failed",1+,2
55860,"E2E:2018-12-25 20:56:12,381 ERROR [com.e2e.dc.service.impl.SendEventImpl] - Connect Failed",1+,2
55861,"E2E:2018-12-25 20:56:17,426 ERROR [com.e2e.dc.service.impl.SendEventImpl] - Connect Failed",1+,2
55862,"E2E:2018-12-25 20:55:42,379 ERROR [com.e2e.dc.service.impl.SendEventImpl] - Connect Failed",1+,2
55863,"E2E:2018-12-25 20:55:47,438 ERROR [com.e2e.dc.service.impl.SendEventImpl] - Connect Failed",1+,2
55864,"E2E:2018-12-25 20:56:40,345 ERROR [com.e2e.dc.service.impl.SendEventImpl] - Connect Failed",1+,2
55865,"E2E:2018-12-25 20:56:10,343 ERROR [com.e2e.dc.service.impl.SendEventImpl] - Connect Failed",1+,2
55866,"E2E:2018-12-25 20:56:08,568 ERROR [com.e2e.dc.service.impl.SendEventImpl] - Connect Failed",1+,2
55867,"E2E:2018-12-25 20:56:10,163 ERROR [com.e2e.dc.service.impl.SendEventImpl] - Connect Failed",1+,2
55868,"E2E:2018-12-25 20:57:08,571 ERROR [com.e2e.dc.service.impl.SendEventImpl] - Connect Failed",1+,2
55869,"E2E:2018-12-25 20:56:17,439 ERROR [com.e2e.dc.service.impl.SendEventImpl] - Connect Failed",1+,2
55870,"E2E:2018-12-25 20:57:10,165 ERROR [com.e2e.dc.service.impl.SendEventImpl] - Connect Failed",1+,2
55871,"E2E:2018-12-25 20:57:12,385 ERROR [com.e2e.dc.service.impl.SendEventImpl] - Connect Failed",1+,2
55872,"E2E:2018-12-25 20:56:42,383 ERROR [com.e2e.dc.service.impl.SendEventImpl] - Connect Failed",1+,2
55873,"E2E:2018-12-25 20:55:55,737 ERROR [com.e2e.dc.service.impl.SendEventImpl] - Connect Failed",1+,2
55874,"E2E:2018-12-25 20:56:47,427 ERROR [com.e2e.dc.service.impl.SendEventImpl] - Connect Failed",1+,2
55875,"E2E:2018-12-25 20:55:25,736 ERROR [com.e2e.dc.service.impl.SendEventImpl] - Connect Failed",1+,2
55876,"E2E:2018-12-25 20:57:10,346 ERROR [com.e2e.dc.service.impl.SendEventImpl] - Connect Failed",1+,2
55877,"E2E:2018-12-25 20:56:44,069 ERROR [com.e2e.dc.service.impl.SendEventImpl] - Connect Failed",1+,2
55878,"E2E:2018-12-25 20:56:14,067 ERROR [com.e2e.dc.service.impl.SendEventImpl] - Connect Failed",1+,2
55879,"E2E:2018-12-25 20:54:10,338 ERROR [com.e2e.dc.service.impl.SendEventImpl] - Connect Failed",1+,2
55880,"E2E:2018-12-25 20:53:38,561 ERROR [com.e2e.dc.service.impl.SendEventImpl] - Connect Failed",1+,2
55881,"E2E:2018-12-25 20:54:38,564 ERROR [com.e2e.dc.service.impl.SendEventImpl] - Connect Failed",1+,2
55882,"E2E:2018-12-25 20:53:40,337 ERROR [com.e2e.dc.service.impl.SendEventImpl] - Connect Failed",1+,2
55883,"E2E:2018-12-25 20:53:40,156 ERROR [com.e2e.dc.service.impl.SendEventImpl] - Connect Failed",1+,2
55884,"E2E:2018-12-25 20:54:17,433 ERROR [com.e2e.dc.service.impl.SendEventImpl] - Connect Failed",1+,2
55885,"E2E:2018-12-25 20:55:12,378 ERROR [com.e2e.dc.service.impl.SendEventImpl] - Connect Failed",1+,2
55886,"E2E:2018-12-25 20:53:25,729 ERROR [com.e2e.dc.service.impl.SendEventImpl] - Connect Failed",1+,2
55887,"E2E:2018-12-25 20:54:25,733 ERROR [com.e2e.dc.service.impl.SendEventImpl] - Connect Failed",1+,2
55888,"E2E:2018-12-25 20:55:08,565 ERROR [com.e2e.dc.service.impl.SendEventImpl] - Connect Failed",1+,2
55889,"E2E:2018-12-25 20:53:47,432 ERROR [com.e2e.dc.service.impl.SendEventImpl] - Connect Failed",1+,2
55890,"E2E:2018-12-25 20:54:14,062 ERROR [com.e2e.dc.service.impl.SendEventImpl] - Connect Failed",1+,2
55891,"E2E:2018-12-25 20:54:40,158 ERROR [com.e2e.dc.service.impl.SendEventImpl] - Connect Failed",1+,2
55892,"E2E:2018-12-25 20:54:08,563 ERROR [com.e2e.dc.service.impl.SendEventImpl] - Connect Failed",1+,2
55893,"E2E:2018-12-25 20:55:10,340 ERROR [com.e2e.dc.service.impl.SendEventImpl] - Connect Failed",1+,2
55894,"E2E:2018-12-25 20:55:17,436 ERROR [com.e2e.dc.service.impl.SendEventImpl] - Connect Failed",1+,2
55895,"E2E:2018-12-25 20:53:44,060 ERROR [com.e2e.dc.service.impl.SendEventImpl] - Connect Failed",1+,2
55896,"E2E:2018-12-25 20:54:47,435 ERROR [com.e2e.dc.service.impl.SendEventImpl] - Connect Failed",1+,2
55897,"E2E:2018-12-25 20:54:12,374 ERROR [com.e2e.dc.service.impl.SendEventImpl] - Connect Failed",1+,2
55898,"E2E:2018-12-25 20:55:17,423 ERROR [com.e2e.dc.service.impl.SendEventImpl] - Connect Failed",1+,2
55899,"E2E:2018-12-25 20:53:42,372 ERROR [com.e2e.dc.service.impl.SendEventImpl] - Connect Failed",1+,2
55900,"E2E:2018-12-25 20:53:47,419 ERROR [com.e2e.dc.service.impl.SendEventImpl] - Connect Failed",1+,2
55901,"E2E:2018-12-25 20:54:10,157 ERROR [com.e2e.dc.service.impl.SendEventImpl] - Connect Failed",1+,2
55902,"E2E:2018-12-25 20:55:14,064 ERROR [com.e2e.dc.service.impl.SendEventImpl] - Connect Failed",1+,2
55903,"E2E:2018-12-25 20:54:40,339 ERROR [com.e2e.dc.service.impl.SendEventImpl] - Connect Failed",1+,2
55904,"E2E:2018-12-25 20:53:55,731 ERROR [com.e2e.dc.service.impl.SendEventImpl] - Connect Failed",1+,2
55905,"E2E:2018-12-25 20:54:42,376 ERROR [com.e2e.dc.service.impl.SendEventImpl] - Connect Failed",1+,2
55906,"E2E:2018-12-25 20:54:47,422 ERROR [com.e2e.dc.service.impl.SendEventImpl] - Connect Failed",1+,2
55907,"E2E:2018-12-25 20:54:55,734 ERROR [com.e2e.dc.service.impl.SendEventImpl] - Connect Failed",1+,2
55908,"E2E:2018-12-25 20:54:17,420 ERROR [com.e2e.dc.service.impl.SendEventImpl] - Connect Failed",1+,2
55909,"E2E:2018-12-25 20:55:10,160 ERROR [com.e2e.dc.service.impl.SendEventImpl] - Connect Failed",1+,2
55910,"E2E:2018-12-25 20:54:44,063 ERROR [com.e2e.dc.service.impl.SendEventImpl] - Connect Failed",1+,2
55911,"E2E:2018-12-25 20:52:17,427 ERROR [com.e2e.dc.service.impl.SendEventImpl] - Connect Failed",1+,2
55912,"E2E:2018-12-25 20:52:14,056 ERROR [com.e2e.dc.service.impl.SendEventImpl] - Connect Failed",1+,2
55913,"E2E:2018-12-25 20:53:17,430 ERROR [com.e2e.dc.service.impl.SendEventImpl] - Connect Failed",1+,2
55914,"E2E:2018-12-25 20:53:14,059 ERROR [com.e2e.dc.service.impl.SendEventImpl] - Connect Failed",1+,2
55915,"E2E:2018-12-25 20:52:47,417 ERROR [com.e2e.dc.service.impl.SendEventImpl] - Connect Failed",1+,2
55916,"E2E:2018-12-25 20:52:40,334 ERROR [com.e2e.dc.service.impl.SendEventImpl] - Connect Failed",1+,2
55917,"E2E:2018-12-25 20:52:47,429 ERROR [com.e2e.dc.service.impl.SendEventImpl] - Connect Failed",1+,2
55918,"E2E:2018-12-25 20:52:10,152 ERROR [com.e2e.dc.service.impl.SendEventImpl] - Connect Failed",1+,2
55919,"E2E:2018-12-25 20:51:25,723 ERROR [com.e2e.dc.service.impl.SendEventImpl] - Connect Failed",1+,2
55920,"E2E:2018-12-25 20:52:10,333 ERROR [com.e2e.dc.service.impl.SendEventImpl] - Connect Failed",1+,2
55921,"E2E:2018-12-25 20:52:12,367 ERROR [com.e2e.dc.service.impl.SendEventImpl] - Connect Failed",1+,2
55922,"E2E:2018-12-25 20:53:10,335 ERROR [com.e2e.dc.service.impl.SendEventImpl] - Connect Failed",1+,2
55923,"E2E:2018-12-25 20:52:08,557 ERROR [com.e2e.dc.service.impl.SendEventImpl] - Connect Failed",1+,2
55924,"E2E:2018-12-25 20:53:17,418 ERROR [com.e2e.dc.service.impl.SendEventImpl] - Connect Failed",1+,2
55925,"E2E:2018-12-25 20:51:40,331 ERROR [com.e2e.dc.service.impl.SendEventImpl] - Connect Failed",1+,2
55926,"E2E:2018-12-25 20:52:44,058 ERROR [com.e2e.dc.service.impl.SendEventImpl] - Connect Failed",1+,2
55927,"E2E:2018-12-25 20:52:40,153 ERROR [com.e2e.dc.service.impl.SendEventImpl] - Connect Failed",1+,2
55928,"E2E:2018-12-25 20:52:42,369 ERROR [com.e2e.dc.service.impl.SendEventImpl] - Connect Failed",1+,2
55929,"E2E:2018-12-25 20:52:25,726 ERROR [com.e2e.dc.service.impl.SendEventImpl] - Connect Failed",1+,2
55930,"E2E:2018-12-25 20:53:08,560 ERROR [com.e2e.dc.service.impl.SendEventImpl] - Connect Failed",1+,2
55931,"E2E:2018-12-25 20:51:47,424 ERROR [com.e2e.dc.service.impl.SendEventImpl] - Connect Failed",1+,2
55932,"E2E:2018-12-25 20:53:10,155 ERROR [com.e2e.dc.service.impl.SendEventImpl] - Connect Failed",1+,2
55933,"E2E:2018-12-25 20:51:40,150 ERROR [com.e2e.dc.service.impl.SendEventImpl] - Connect Failed",1+,2
55934,"E2E:2018-12-25 20:51:38,555 ERROR [com.e2e.dc.service.impl.SendEventImpl] - Connect Failed",1+,2
55935,"E2E:2018-12-25 20:52:55,728 ERROR [com.e2e.dc.service.impl.SendEventImpl] - Connect Failed",1+,2
55936,"E2E:2018-12-25 20:51:42,366 ERROR [com.e2e.dc.service.impl.SendEventImpl] - Connect Failed",1+,2
55937,"E2E:2018-12-25 20:52:17,415 ERROR [com.e2e.dc.service.impl.SendEventImpl] - Connect Failed",1+,2
55938,"E2E:2018-12-25 20:51:47,414 ERROR [com.e2e.dc.service.impl.SendEventImpl] - Connect Failed",1+,2
55939,"E2E:2018-12-25 20:52:38,558 ERROR [com.e2e.dc.service.impl.SendEventImpl] - Connect Failed",1+,2
55940,"E2E:2018-12-25 20:53:12,371 ERROR [com.e2e.dc.service.impl.SendEventImpl] - Connect Failed",1+,2
55941,"E2E:2018-12-25 20:51:44,055 ERROR [com.e2e.dc.service.impl.SendEventImpl] - Connect Failed",1+,2
55942,"E2E:2018-12-25 20:51:55,725 ERROR [com.e2e.dc.service.impl.SendEventImpl] - Connect Failed",1+,2
55943,"E2E:2018-12-25 20:49:44,050 ERROR [com.e2e.dc.service.impl.SendEventImpl] - Connect Failed",1+,2
55944,"E2E:2018-12-25 20:51:10,149 ERROR [com.e2e.dc.service.impl.SendEventImpl] - Connect Failed",1+,2
55945,"E2E:2018-12-25 20:49:25,717 ERROR [com.e2e.dc.service.impl.SendEventImpl] - Connect Failed",1+,2
55946,"E2E:2018-12-25 20:50:42,362 ERROR [com.e2e.dc.service.impl.SendEventImpl] - Connect Failed",1+,2
55947,"E2E:2018-12-25 20:50:40,148 ERROR [com.e2e.dc.service.impl.SendEventImpl] - Connect Failed",1+,2
55948,"E2E:2018-12-25 20:50:17,410 ERROR [com.e2e.dc.service.impl.SendEventImpl] - Connect Failed",1+,2
55949,"E2E:2018-12-25 20:49:40,326 ERROR [com.e2e.dc.service.impl.SendEventImpl] - Connect Failed",1+,2
55950,"E2E:2018-12-25 20:51:12,364 ERROR [com.e2e.dc.service.impl.SendEventImpl] - Connect Failed",1+,2
55951,"E2E:2018-12-25 20:50:55,722 ERROR [com.e2e.dc.service.impl.SendEventImpl] - Connect Failed",1+,2
55952,"E2E:2018-12-25 20:50:38,552 ERROR [com.e2e.dc.service.impl.SendEventImpl] - Connect Failed",1+,2
55953,"E2E:2018-12-25 20:50:40,329 ERROR [com.e2e.dc.service.impl.SendEventImpl] - Connect Failed",1+,2
55954,"E2E:2018-12-25 20:49:38,550 ERROR [com.e2e.dc.service.impl.SendEventImpl] - Connect Failed",1+,2
55955,"E2E:2018-12-25 20:50:10,146 ERROR [com.e2e.dc.service.impl.SendEventImpl] - Connect Failed",1+,2
55956,"E2E:2018-12-25 20:50:25,720 ERROR [com.e2e.dc.service.impl.SendEventImpl] - Connect Failed",1+,2
55957,"E2E:2018-12-25 20:50:44,053 ERROR [com.e2e.dc.service.impl.SendEventImpl] - Connect Failed",1+,2
55958,"E2E:2018-12-25 20:50:14,051 ERROR [com.e2e.dc.service.impl.SendEventImpl] - Connect Failed",1+,2
55959,"E2E:2018-12-25 20:50:17,420 ERROR [com.e2e.dc.service.impl.SendEventImpl] - Connect Failed",1+,2
55960,"E2E:2018-12-25 20:50:08,551 ERROR [com.e2e.dc.service.impl.SendEventImpl] - Connect Failed",1+,2
55961,"E2E:2018-12-25 20:50:12,360 ERROR [com.e2e.dc.service.impl.SendEventImpl] - Connect Failed",1+,2
55962,"E2E:2018-12-25 20:49:42,359 ERROR [com.e2e.dc.service.impl.SendEventImpl] - Connect Failed",1+,2
55963,"E2E:2018-12-25 20:49:47,418 ERROR [com.e2e.dc.service.impl.SendEventImpl] - Connect Failed",1+,2
55964,"E2E:2018-12-25 20:51:17,423 ERROR [com.e2e.dc.service.impl.SendEventImpl] - Connect Failed",1+,2
55965,"E2E:2018-12-25 20:50:47,411 ERROR [com.e2e.dc.service.impl.SendEventImpl] - Connect Failed",1+,2
55966,"E2E:2018-12-25 20:51:08,554 ERROR [com.e2e.dc.service.impl.SendEventImpl] - Connect Failed",1+,2
55967,"E2E:2018-12-25 20:51:14,054 ERROR [com.e2e.dc.service.impl.SendEventImpl] - Connect Failed",1+,2
55968,"E2E:2018-12-25 20:50:47,421 ERROR [com.e2e.dc.service.impl.SendEventImpl] - Connect Failed",1+,2
55969,"E2E:2018-12-25 20:49:55,719 ERROR [com.e2e.dc.service.impl.SendEventImpl] - Connect Failed",1+,2
55970,"E2E:2018-12-25 20:51:10,330 ERROR [com.e2e.dc.service.impl.SendEventImpl] - Connect Failed",1+,2
55971,"E2E:2018-12-25 20:50:10,328 ERROR [com.e2e.dc.service.impl.SendEventImpl] - Connect Failed",1+,2
55972,"E2E:2018-12-25 20:49:40,145 ERROR [com.e2e.dc.service.impl.SendEventImpl] - Connect Failed",1+,2
55973,"E2E:2018-12-25 20:49:47,408 ERROR [com.e2e.dc.service.impl.SendEventImpl] - Connect Failed",1+,2
55974,"E2E:2018-12-25 20:51:17,412 ERROR [com.e2e.dc.service.impl.SendEventImpl] - Connect Failed",1+,2
55975,"E2E:2018-12-25 20:48:47,405 ERROR [com.e2e.dc.service.impl.SendEventImpl] - Connect Failed",1+,2
55976,"E2E:2018-12-25 20:49:17,407 ERROR [com.e2e.dc.service.impl.SendEventImpl] - Connect Failed",1+,2
55977,"E2E:2018-12-25 20:48:40,142 ERROR [com.e2e.dc.service.impl.SendEventImpl] - Connect Failed",1+,2
55978,"E2E:2018-12-25 20:48:17,404 ERROR [com.e2e.dc.service.impl.SendEventImpl] - Connect Failed",1+,2
55979,"E2E:2018-12-25 20:49:14,048 ERROR [com.e2e.dc.service.impl.SendEventImpl] - Connect Failed",1+,2
55980,"E2E:2018-12-25 20:48:38,546 ERROR [com.e2e.dc.service.impl.SendEventImpl] - Connect Failed",1+,2
55981,"E2E:2018-12-25 20:48:42,355 ERROR [com.e2e.dc.service.impl.SendEventImpl] - Connect Failed",1+,2
55982,"E2E:2018-12-25 20:48:14,046 ERROR [com.e2e.dc.service.impl.SendEventImpl] - Connect Failed",1+,2
55983,"E2E:2018-12-25 20:48:55,715 ERROR [com.e2e.dc.service.impl.SendEventImpl] - Connect Failed",1+,2
55984,"E2E:2018-12-25 20:48:47,415 ERROR [com.e2e.dc.service.impl.SendEventImpl] - Connect Failed",1+,2
55985,"E2E:2018-12-25 20:47:40,140 ERROR [com.e2e.dc.service.impl.SendEventImpl] - Connect Failed",1+,2
55986,"E2E:2018-12-25 20:47:40,321 ERROR [com.e2e.dc.service.impl.SendEventImpl] - Connect Failed",1+,2
55987,"E2E:2018-12-25 20:47:25,711 ERROR [com.e2e.dc.service.impl.SendEventImpl] - Connect Failed",1+,2
55988,"E2E:2018-12-25 20:49:10,325 ERROR [com.e2e.dc.service.impl.SendEventImpl] - Connect Failed",1+,2
55989,"E2E:2018-12-25 20:49:08,549 ERROR [com.e2e.dc.service.impl.SendEventImpl] - Connect Failed",1+,2
55990,"E2E:2018-12-25 20:47:44,045 ERROR [com.e2e.dc.service.impl.SendEventImpl] - Connect Failed",1+,2
55991,"E2E:2018-12-25 20:48:44,047 ERROR [com.e2e.dc.service.impl.SendEventImpl] - Connect Failed",1+,2
55992,"E2E:2018-12-25 20:48:25,714 ERROR [com.e2e.dc.service.impl.SendEventImpl] - Connect Failed",1+,2
55993,"E2E:2018-12-25 20:47:47,412 ERROR [com.e2e.dc.service.impl.SendEventImpl] - Connect Failed",1+,2
55994,"E2E:2018-12-25 20:47:55,712 ERROR [com.e2e.dc.service.impl.SendEventImpl] - Connect Failed",1+,2
55995,"E2E:2018-12-25 20:47:47,403 ERROR [com.e2e.dc.service.impl.SendEventImpl] - Connect Failed",1+,2
55996,"E2E:2018-12-25 20:49:10,144 ERROR [com.e2e.dc.service.impl.SendEventImpl] - Connect Failed",1+,2
55997,"E2E:2018-12-25 20:48:12,353 ERROR [com.e2e.dc.service.impl.SendEventImpl] - Connect Failed",1+,2
55998,"E2E:2018-12-25 20:48:10,141 ERROR [com.e2e.dc.service.impl.SendEventImpl] - Connect Failed",1+,2
55999,"E2E:2018-12-25 20:47:38,544 ERROR [com.e2e.dc.service.impl.SendEventImpl] - Connect Failed",1+,2
56000,"E2E:2018-12-25 20:49:17,417 ERROR [com.e2e.dc.service.impl.SendEventImpl] - Connect Failed",1+,2
56001,"E2E:2018-12-25 20:47:42,352 ERROR [com.e2e.dc.service.impl.SendEventImpl] - Connect Failed",1+,2
56002,"E2E:2018-12-25 20:48:17,413 ERROR [com.e2e.dc.service.impl.SendEventImpl] - Connect Failed",1+,2
56003,"E2E:2018-12-25 20:48:10,322 ERROR [com.e2e.dc.service.impl.SendEventImpl] - Connect Failed",1+,2
56004,"E2E:2018-12-25 20:49:12,357 ERROR [com.e2e.dc.service.impl.SendEventImpl] - Connect Failed",1+,2
56005,"E2E:2018-12-25 20:48:08,545 ERROR [com.e2e.dc.service.impl.SendEventImpl] - Connect Failed",1+,2
56006,"E2E:2018-12-25 20:48:40,324 ERROR [com.e2e.dc.service.impl.SendEventImpl] - Connect Failed",1+,2
56007,"E2E:2018-12-25 20:45:25,705 ERROR [com.e2e.dc.service.impl.SendEventImpl] - Connect Failed",1+,2
56008,"E2E:2018-12-25 20:47:17,401 ERROR [com.e2e.dc.service.impl.SendEventImpl] - Connect Failed",1+,2
56009,"E2E:2018-12-25 20:47:12,350 ERROR [com.e2e.dc.service.impl.SendEventImpl] - Connect Failed",1+,2
56010,"E2E:2018-12-25 20:46:17,407 ERROR [com.e2e.dc.service.impl.SendEventImpl] - Connect Failed",1+,2
56011,"E2E:2018-12-25 20:46:40,318 ERROR [com.e2e.dc.service.impl.SendEventImpl] - Connect Failed",1+,2
56012,"E2E:2018-12-25 20:46:10,136 ERROR [com.e2e.dc.service.impl.SendEventImpl] - Connect Failed",1+,2
56013,"E2E:2018-12-25 20:45:40,134 ERROR [com.e2e.dc.service.impl.SendEventImpl] - Connect Failed",1+,2
56014,"E2E:2018-12-25 20:46:40,137 ERROR [com.e2e.dc.service.impl.SendEventImpl] - Connect Failed",1+,2
56015,"E2E:2018-12-25 20:45:47,406 ERROR [com.e2e.dc.service.impl.SendEventImpl] - Connect Failed",1+,2
56016,"E2E:2018-12-25 20:46:38,541 ERROR [com.e2e.dc.service.impl.SendEventImpl] - Connect Failed",1+,2
56017,"E2E:2018-12-25 20:47:17,410 ERROR [com.e2e.dc.service.impl.SendEventImpl] - Connect Failed",1+,2
56018,"E2E:2018-12-25 20:46:47,409 ERROR [com.e2e.dc.service.impl.SendEventImpl] - Connect Failed",1+,2
56019,"E2E:2018-12-25 20:45:42,344 ERROR [com.e2e.dc.service.impl.SendEventImpl] - Connect Failed",1+,2
56020,"E2E:2018-12-25 20:45:40,315 ERROR [com.e2e.dc.service.impl.SendEventImpl] - Connect Failed",1+,2
56021,"E2E:2018-12-25 20:46:17,399 ERROR [com.e2e.dc.service.impl.SendEventImpl] - Connect Failed",1+,2
56022,"E2E:2018-12-25 20:46:10,317 ERROR [com.e2e.dc.service.impl.SendEventImpl] - Connect Failed",1+,2
56023,"E2E:2018-12-25 20:46:55,709 ERROR [com.e2e.dc.service.impl.SendEventImpl] - Connect Failed",1+,2
56024,"E2E:2018-12-25 20:47:10,138 ERROR [com.e2e.dc.service.impl.SendEventImpl] - Connect Failed",1+,2
56025,"E2E:2018-12-25 20:46:25,708 ERROR [com.e2e.dc.service.impl.SendEventImpl] - Connect Failed",1+,2
56026,"E2E:2018-12-25 20:46:08,539 ERROR [com.e2e.dc.service.impl.SendEventImpl] - Connect Failed",1+,2
56027,"E2E:2018-12-25 20:45:47,398 ERROR [com.e2e.dc.service.impl.SendEventImpl] - Connect Failed",1+,2
56028,"E2E:2018-12-25 20:47:08,542 ERROR [com.e2e.dc.service.impl.SendEventImpl] - Connect Failed",1+,2
56029,"E2E:2018-12-25 20:45:38,538 ERROR [com.e2e.dc.service.impl.SendEventImpl] - Connect Failed",1+,2
56030,"E2E:2018-12-25 20:45:44,039 ERROR [com.e2e.dc.service.impl.SendEventImpl] - Connect Failed",1+,2
56031,"E2E:2018-12-25 20:46:47,400 ERROR [com.e2e.dc.service.impl.SendEventImpl] - Connect Failed",1+,2
56032,"E2E:2018-12-25 20:47:14,043 ERROR [com.e2e.dc.service.impl.SendEventImpl] - Connect Failed",1+,2
56033,"E2E:2018-12-25 20:46:44,042 ERROR [com.e2e.dc.service.impl.SendEventImpl] - Connect Failed",1+,2
56034,"E2E:2018-12-25 20:46:12,345 ERROR [com.e2e.dc.service.impl.SendEventImpl] - Connect Failed",1+,2
56035,"E2E:2018-12-25 20:45:55,706 ERROR [com.e2e.dc.service.impl.SendEventImpl] - Connect Failed",1+,2
56036,"E2E:2018-12-25 20:46:14,040 ERROR [com.e2e.dc.service.impl.SendEventImpl] - Connect Failed",1+,2
56037,"E2E:2018-12-25 20:47:10,320 ERROR [com.e2e.dc.service.impl.SendEventImpl] - Connect Failed",1+,2
56038,"E2E:2018-12-25 20:46:42,347 ERROR [com.e2e.dc.service.impl.SendEventImpl] - Connect Failed",1+,2
56039,"E2E:2018-12-25 20:43:42,337 ERROR [com.e2e.dc.service.impl.SendEventImpl] - Connect Failed",1+,2
56040,"E2E:2018-12-25 20:43:38,532 ERROR [com.e2e.dc.service.impl.SendEventImpl] - Connect Failed",1+,2
56041,"E2E:2018-12-25 20:43:40,310 ERROR [com.e2e.dc.service.impl.SendEventImpl] - Connect Failed",1+,2
56042,"E2E:2018-12-25 20:44:14,035 ERROR [com.e2e.dc.service.impl.SendEventImpl] - Connect Failed",1+,2
56043,"E2E:2018-12-25 20:43:55,700 ERROR [com.e2e.dc.service.impl.SendEventImpl] - Connect Failed",1+,2
56044,"E2E:2018-12-25 20:44:25,702 ERROR [com.e2e.dc.service.impl.SendEventImpl] - Connect Failed",1+,2
56045,"E2E:2018-12-25 20:45:10,133 ERROR [com.e2e.dc.service.impl.SendEventImpl] - Connect Failed",1+,2
56046,"E2E:2018-12-25 20:44:17,401 ERROR [com.e2e.dc.service.impl.SendEventImpl] - Connect Failed",1+,2
56047,"E2E:2018-12-25 20:44:38,535 ERROR [com.e2e.dc.service.impl.SendEventImpl] - Connect Failed",1+,2
56048,"E2E:2018-12-25 20:44:17,394 ERROR [com.e2e.dc.service.impl.SendEventImpl] - Connect Failed",1+,2
56049,"E2E:2018-12-25 20:44:40,313 ERROR [com.e2e.dc.service.impl.SendEventImpl] - Connect Failed",1+,2
56050,"E2E:2018-12-25 20:44:55,703 ERROR [com.e2e.dc.service.impl.SendEventImpl] - Connect Failed",1+,2
56051,"E2E:2018-12-25 20:44:47,403 ERROR [com.e2e.dc.service.impl.SendEventImpl] - Connect Failed",1+,2
56052,"E2E:2018-12-25 20:44:47,395 ERROR [com.e2e.dc.service.impl.SendEventImpl] - Connect Failed",1+,2
56053,"E2E:2018-12-25 20:45:10,314 ERROR [com.e2e.dc.service.impl.SendEventImpl] - Connect Failed",1+,2
56054,"E2E:2018-12-25 20:44:08,533 ERROR [com.e2e.dc.service.impl.SendEventImpl] - Connect Failed",1+,2
56055,"E2E:2018-12-25 20:44:44,036 ERROR [com.e2e.dc.service.impl.SendEventImpl] - Connect Failed",1+,2
56056,"E2E:2018-12-25 20:44:12,339 ERROR [com.e2e.dc.service.impl.SendEventImpl] - Connect Failed",1+,2
56057,"E2E:2018-12-25 20:43:47,393 ERROR [com.e2e.dc.service.impl.SendEventImpl] - Connect Failed",1+,2
56058,"E2E:2018-12-25 20:44:40,132 ERROR [com.e2e.dc.service.impl.SendEventImpl] - Connect Failed",1+,2
56059,"E2E:2018-12-25 20:45:14,038 ERROR [com.e2e.dc.service.impl.SendEventImpl] - Connect Failed",1+,2
56060,"E2E:2018-12-25 20:44:42,340 ERROR [com.e2e.dc.service.impl.SendEventImpl] - Connect Failed",1+,2
56061,"E2E:2018-12-25 20:43:25,699 ERROR [com.e2e.dc.service.impl.SendEventImpl] - Connect Failed",1+,2
56062,"E2E:2018-12-25 20:43:40,129 ERROR [com.e2e.dc.service.impl.SendEventImpl] - Connect Failed",1+,2
56063,"E2E:2018-12-25 20:43:44,034 ERROR [com.e2e.dc.service.impl.SendEventImpl] - Connect Failed",1+,2
56064,"E2E:2018-12-25 20:44:10,130 ERROR [com.e2e.dc.service.impl.SendEventImpl] - Connect Failed",1+,2
56065,"E2E:2018-12-25 20:45:12,342 ERROR [com.e2e.dc.service.impl.SendEventImpl] - Connect Failed",1+,2
56066,"E2E:2018-12-25 20:45:17,404 ERROR [com.e2e.dc.service.impl.SendEventImpl] - Connect Failed",1+,2
56067,"E2E:2018-12-25 20:43:47,400 ERROR [com.e2e.dc.service.impl.SendEventImpl] - Connect Failed",1+,2
56068,"E2E:2018-12-25 20:44:10,312 ERROR [com.e2e.dc.service.impl.SendEventImpl] - Connect Failed",1+,2
56069,"E2E:2018-12-25 20:45:17,396 ERROR [com.e2e.dc.service.impl.SendEventImpl] - Connect Failed",1+,2
56070,"E2E:2018-12-25 20:45:08,536 ERROR [com.e2e.dc.service.impl.SendEventImpl] - Connect Failed",1+,2
56071,"E2E:2018-12-25 20:41:47,394 ERROR [com.e2e.dc.service.impl.SendEventImpl] - Connect Failed",1+,2
56072,"E2E:2018-12-25 20:41:40,305 ERROR [com.e2e.dc.service.impl.SendEventImpl] - Connect Failed",1+,2
56073,"E2E:2018-12-25 20:42:17,396 ERROR [com.e2e.dc.service.impl.SendEventImpl] - Connect Failed",1+,2
56074,"E2E:2018-12-25 20:42:47,397 ERROR [com.e2e.dc.service.impl.SendEventImpl] - Connect Failed",1+,2
56075,"E2E:2018-12-25 20:42:47,390 ERROR [com.e2e.dc.service.impl.SendEventImpl] - Connect Failed",1+,2
56076,"E2E:2018-12-25 20:43:12,336 ERROR [com.e2e.dc.service.impl.SendEventImpl] - Connect Failed",1+,2
56077,"E2E:2018-12-25 20:41:44,028 ERROR [com.e2e.dc.service.impl.SendEventImpl] - Connect Failed",1+,2
56078,"E2E:2018-12-25 20:41:47,387 ERROR [com.e2e.dc.service.impl.SendEventImpl] - Connect Failed",1+,2
56079,"E2E:2018-12-25 20:42:10,306 ERROR [com.e2e.dc.service.impl.SendEventImpl] - Connect Failed",1+,2
56080,"E2E:2018-12-25 20:42:40,308 ERROR [com.e2e.dc.service.impl.SendEventImpl] - Connect Failed",1+,2
56081,"E2E:2018-12-25 20:42:40,127 ERROR [com.e2e.dc.service.impl.SendEventImpl] - Connect Failed",1+,2
56082,"E2E:2018-12-25 20:42:25,696 ERROR [com.e2e.dc.service.impl.SendEventImpl] - Connect Failed",1+,2
56083,"E2E:2018-12-25 20:42:08,528 ERROR [com.e2e.dc.service.impl.SendEventImpl] - Connect Failed",1+,2
56084,"E2E:2018-12-25 20:42:10,125 ERROR [com.e2e.dc.service.impl.SendEventImpl] - Connect Failed",1+,2
56085,"E2E:2018-12-25 20:42:17,389 ERROR [com.e2e.dc.service.impl.SendEventImpl] - Connect Failed",1+,2
56086,"E2E:2018-12-25 20:43:17,391 ERROR [com.e2e.dc.service.impl.SendEventImpl] - Connect Failed",1+,2
56087,"E2E:2018-12-25 20:41:25,692 ERROR [com.e2e.dc.service.impl.SendEventImpl] - Connect Failed",1+,2
56088,"E2E:2018-12-25 20:41:55,694 ERROR [com.e2e.dc.service.impl.SendEventImpl] - Connect Failed",1+,2
56089,"E2E:2018-12-25 20:43:14,033 ERROR [com.e2e.dc.service.impl.SendEventImpl] - Connect Failed",1+,2
56090,"E2E:2018-12-25 20:43:08,530 ERROR [com.e2e.dc.service.impl.SendEventImpl] - Connect Failed",1+,2
56091,"E2E:2018-12-25 20:42:44,031 ERROR [com.e2e.dc.service.impl.SendEventImpl] - Connect Failed",1+,2
56092,"E2E:2018-12-25 20:41:40,124 ERROR [com.e2e.dc.service.impl.SendEventImpl] - Connect Failed",1+,2
56093,"E2E:2018-12-25 20:42:42,334 ERROR [com.e2e.dc.service.impl.SendEventImpl] - Connect Failed",1+,2
56094,"E2E:2018-12-25 20:41:42,330 ERROR [com.e2e.dc.service.impl.SendEventImpl] - Connect Failed",1+,2
56095,"E2E:2018-12-25 20:42:38,529 ERROR [com.e2e.dc.service.impl.SendEventImpl] - Connect Failed",1+,2
56096,"E2E:2018-12-25 20:41:38,526 ERROR [com.e2e.dc.service.impl.SendEventImpl] - Connect Failed",1+,2
56097,"E2E:2018-12-25 20:43:17,398 ERROR [com.e2e.dc.service.impl.SendEventImpl] - Connect Failed",1+,2
56098,"E2E:2018-12-25 20:42:12,332 ERROR [com.e2e.dc.service.impl.SendEventImpl] - Connect Failed",1+,2
56099,"E2E:2018-12-25 20:42:14,030 ERROR [com.e2e.dc.service.impl.SendEventImpl] - Connect Failed",1+,2
56100,"E2E:2018-12-25 20:42:55,697 ERROR [com.e2e.dc.service.impl.SendEventImpl] - Connect Failed",1+,2
56101,"E2E:2018-12-25 20:43:10,309 ERROR [com.e2e.dc.service.impl.SendEventImpl] - Connect Failed",1+,2
56102,"E2E:2018-12-25 20:43:10,128 ERROR [com.e2e.dc.service.impl.SendEventImpl] - Connect Failed",1+,2
56103,"E2E:2018-12-25 20:39:38,521 ERROR [com.e2e.dc.service.impl.SendEventImpl] - Connect Failed",1+,2
56104,"E2E:2018-12-25 20:40:44,025 ERROR [com.e2e.dc.service.impl.SendEventImpl] - Connect Failed",1+,2
56105,"E2E:2018-12-25 20:41:10,122 ERROR [com.e2e.dc.service.impl.SendEventImpl] - Connect Failed",1+,2
56106,"E2E:2018-12-25 20:40:55,691 ERROR [com.e2e.dc.service.impl.SendEventImpl] - Connect Failed",1+,2
56107,"E2E:2018-12-25 20:41:14,027 ERROR [com.e2e.dc.service.impl.SendEventImpl] - Connect Failed",1+,2
56108,"E2E:2018-12-25 20:39:55,688 ERROR [com.e2e.dc.service.impl.SendEventImpl] - Connect Failed",1+,2
56109,"E2E:2018-12-25 20:39:40,119 ERROR [com.e2e.dc.service.impl.SendEventImpl] - Connect Failed",1+,2
56110,"E2E:2018-12-25 20:40:47,391 ERROR [com.e2e.dc.service.impl.SendEventImpl] - Connect Failed",1+,2
56111,"E2E:2018-12-25 20:39:47,387 ERROR [com.e2e.dc.service.impl.SendEventImpl] - Connect Failed",1+,2
56112,"E2E:2018-12-25 20:40:17,390 ERROR [com.e2e.dc.service.impl.SendEventImpl] - Connect Failed",1+,2
56113,"E2E:2018-12-25 20:40:10,301 ERROR [com.e2e.dc.service.impl.SendEventImpl] - Connect Failed",1+,2
56114,"E2E:2018-12-25 20:41:08,525 ERROR [com.e2e.dc.service.impl.SendEventImpl] - Connect Failed",1+,2
56115,"E2E:2018-12-25 20:39:25,686 ERROR [com.e2e.dc.service.impl.SendEventImpl] - Connect Failed",1+,2
56116,"E2E:2018-12-25 20:40:47,385 ERROR [com.e2e.dc.service.impl.SendEventImpl] - Connect Failed",1+,2
56117,"E2E:2018-12-25 20:40:38,523 ERROR [com.e2e.dc.service.impl.SendEventImpl] - Connect Failed",1+,2
56118,"E2E:2018-12-25 20:40:40,121 ERROR [com.e2e.dc.service.impl.SendEventImpl] - Connect Failed",1+,2
56119,"E2E:2018-12-25 20:40:08,522 ERROR [com.e2e.dc.service.impl.SendEventImpl] - Connect Failed",1+,2
56120,"E2E:2018-12-25 20:40:40,302 ERROR [com.e2e.dc.service.impl.SendEventImpl] - Connect Failed",1+,2
56121,"E2E:2018-12-25 20:39:42,324 ERROR [com.e2e.dc.service.impl.SendEventImpl] - Connect Failed",1+,2
56122,"E2E:2018-12-25 20:40:25,690 ERROR [com.e2e.dc.service.impl.SendEventImpl] - Connect Failed",1+,2
56123,"E2E:2018-12-25 20:40:14,024 ERROR [com.e2e.dc.service.impl.SendEventImpl] - Connect Failed",1+,2
56124,"E2E:2018-12-25 20:39:44,023 ERROR [com.e2e.dc.service.impl.SendEventImpl] - Connect Failed",1+,2
56125,"E2E:2018-12-25 20:39:47,382 ERROR [com.e2e.dc.service.impl.SendEventImpl] - Connect Failed",1+,2
56126,"E2E:2018-12-25 20:41:12,329 ERROR [com.e2e.dc.service.impl.SendEventImpl] - Connect Failed",1+,2
56127,"E2E:2018-12-25 20:41:10,304 ERROR [com.e2e.dc.service.impl.SendEventImpl] - Connect Failed",1+,2
56128,"E2E:2018-12-25 20:40:42,327 ERROR [com.e2e.dc.service.impl.SendEventImpl] - Connect Failed",1+,2
56129,"E2E:2018-12-25 20:39:40,300 ERROR [com.e2e.dc.service.impl.SendEventImpl] - Connect Failed",1+,2
56130,"E2E:2018-12-25 20:41:17,393 ERROR [com.e2e.dc.service.impl.SendEventImpl] - Connect Failed",1+,2
56131,"E2E:2018-12-25 20:40:12,325 ERROR [com.e2e.dc.service.impl.SendEventImpl] - Connect Failed",1+,2
56132,"E2E:2018-12-25 20:40:17,384 ERROR [com.e2e.dc.service.impl.SendEventImpl] - Connect Failed",1+,2
56133,"E2E:2018-12-25 20:40:10,120 ERROR [com.e2e.dc.service.impl.SendEventImpl] - Connect Failed",1+,2
56134,"E2E:2018-12-25 20:41:17,386 ERROR [com.e2e.dc.service.impl.SendEventImpl] - Connect Failed",1+,2
56135,"E2E:2018-12-25 20:37:40,295 ERROR [com.e2e.dc.service.impl.SendEventImpl] - Connect Failed",1+,2
56136,"E2E:2018-12-25 20:38:44,020 ERROR [com.e2e.dc.service.impl.SendEventImpl] - Connect Failed",1+,2
56137,"E2E:2018-12-25 20:39:10,117 ERROR [com.e2e.dc.service.impl.SendEventImpl] - Connect Failed",1+,2
56138,"E2E:2018-12-25 20:38:17,378 ERROR [com.e2e.dc.service.impl.SendEventImpl] - Connect Failed",1+,2
56139,"E2E:2018-12-25 20:38:14,018 ERROR [com.e2e.dc.service.impl.SendEventImpl] - Connect Failed",1+,2
56140,"E2E:2018-12-25 20:38:47,380 ERROR [com.e2e.dc.service.impl.SendEventImpl] - Connect Failed",1+,2
56141,"E2E:2018-12-25 20:38:40,116 ERROR [com.e2e.dc.service.impl.SendEventImpl] - Connect Failed",1+,2
56142,"E2E:2018-12-25 20:37:47,381 ERROR [com.e2e.dc.service.impl.SendEventImpl] - Connect Failed",1+,2
56143,"E2E:2018-12-25 20:37:55,681 ERROR [com.e2e.dc.service.impl.SendEventImpl] - Connect Failed",1+,2
56144,"E2E:2018-12-25 20:37:25,680 ERROR [com.e2e.dc.service.impl.SendEventImpl] - Connect Failed",1+,2
56145,"E2E:2018-12-25 20:38:40,297 ERROR [com.e2e.dc.service.impl.SendEventImpl] - Connect Failed",1+,2
56146,"E2E:2018-12-25 20:38:08,516 ERROR [com.e2e.dc.service.impl.SendEventImpl] - Connect Failed",1+,2
56147,"E2E:2018-12-25 20:38:55,685 ERROR [com.e2e.dc.service.impl.SendEventImpl] - Connect Failed",1+,2
56148,"E2E:2018-12-25 20:38:17,382 ERROR [com.e2e.dc.service.impl.SendEventImpl] - Connect Failed",1+,2
56149,"E2E:2018-12-25 20:39:08,520 ERROR [com.e2e.dc.service.impl.SendEventImpl] - Connect Failed",1+,2
56150,"E2E:2018-12-25 20:39:14,021 ERROR [com.e2e.dc.service.impl.SendEventImpl] - Connect Failed",1+,2
56151,"E2E:2018-12-25 20:37:44,017 ERROR [com.e2e.dc.service.impl.SendEventImpl] - Connect Failed",1+,2
56152,"E2E:2018-12-25 20:37:40,113 ERROR [com.e2e.dc.service.impl.SendEventImpl] - Connect Failed",1+,2
56153,"E2E:2018-12-25 20:38:42,320 ERROR [com.e2e.dc.service.impl.SendEventImpl] - Connect Failed",1+,2
56154,"E2E:2018-12-25 20:38:10,296 ERROR [com.e2e.dc.service.impl.SendEventImpl] - Connect Failed",1+,2
56155,"E2E:2018-12-25 20:37:38,515 ERROR [com.e2e.dc.service.impl.SendEventImpl] - Connect Failed",1+,2
56156,"E2E:2018-12-25 20:39:10,299 ERROR [com.e2e.dc.service.impl.SendEventImpl] - Connect Failed",1+,2
56157,"E2E:2018-12-25 20:38:38,518 ERROR [com.e2e.dc.service.impl.SendEventImpl] - Connect Failed",1+,2
56158,"E2E:2018-12-25 20:39:17,386 ERROR [com.e2e.dc.service.impl.SendEventImpl] - Connect Failed",1+,2
56159,"E2E:2018-12-25 20:38:25,683 ERROR [com.e2e.dc.service.impl.SendEventImpl] - Connect Failed",1+,2
56160,"E2E:2018-12-25 20:39:17,381 ERROR [com.e2e.dc.service.impl.SendEventImpl] - Connect Failed",1+,2
56161,"E2E:2018-12-25 20:39:12,322 ERROR [com.e2e.dc.service.impl.SendEventImpl] - Connect Failed",1+,2
56162,"E2E:2018-12-25 20:37:42,317 ERROR [com.e2e.dc.service.impl.SendEventImpl] - Connect Failed",1+,2
56163,"E2E:2018-12-25 20:37:47,377 ERROR [com.e2e.dc.service.impl.SendEventImpl] - Connect Failed",1+,2
56164,"E2E:2018-12-25 20:38:12,318 ERROR [com.e2e.dc.service.impl.SendEventImpl] - Connect Failed",1+,2
56165,"E2E:2018-12-25 20:38:10,115 ERROR [com.e2e.dc.service.impl.SendEventImpl] - Connect Failed",1+,2
56166,"E2E:2018-12-25 20:38:47,384 ERROR [com.e2e.dc.service.impl.SendEventImpl] - Connect Failed",1+,2
56167,"E2E:2018-12-25 20:35:38,508 ERROR [com.e2e.dc.service.impl.SendEventImpl] - Connect Failed",1+,2
56168,"E2E:2018-12-25 20:36:44,014 ERROR [com.e2e.dc.service.impl.SendEventImpl] - Connect Failed",1+,2
56169,"E2E:2018-12-25 20:37:10,294 ERROR [com.e2e.dc.service.impl.SendEventImpl] - Connect Failed",1+,2
56170,"E2E:2018-12-25 20:36:17,377 ERROR [com.e2e.dc.service.impl.SendEventImpl] - Connect Failed",1+,2
56171,"E2E:2018-12-25 20:37:12,315 ERROR [com.e2e.dc.service.impl.SendEventImpl] - Connect Failed",1+,2
56172,"E2E:2018-12-25 20:36:47,375 ERROR [com.e2e.dc.service.impl.SendEventImpl] - Connect Failed",1+,2
56173,"E2E:2018-12-25 20:36:17,373 ERROR [com.e2e.dc.service.impl.SendEventImpl] - Connect Failed",1+,2
56174,"E2E:2018-12-25 20:36:12,311 ERROR [com.e2e.dc.service.impl.SendEventImpl] - Connect Failed",1+,2
56175,"E2E:2018-12-25 20:35:25,674 ERROR [com.e2e.dc.service.impl.SendEventImpl] - Connect Failed",1+,2
56176,"E2E:2018-12-25 20:36:08,509 ERROR [com.e2e.dc.service.impl.SendEventImpl] - Connect Failed",1+,2
56177,"E2E:2018-12-25 20:37:08,513 ERROR [com.e2e.dc.service.impl.SendEventImpl] - Connect Failed",1+,2
56178,"E2E:2018-12-25 20:35:40,108 ERROR [com.e2e.dc.service.impl.SendEventImpl] - Connect Failed",1+,2
56179,"E2E:2018-12-25 20:36:25,677 ERROR [com.e2e.dc.service.impl.SendEventImpl] - Connect Failed",1+,2
56180,"E2E:2018-12-25 20:35:44,011 ERROR [com.e2e.dc.service.impl.SendEventImpl] - Connect Failed",1+,2
56181,"E2E:2018-12-25 20:37:14,016 ERROR [com.e2e.dc.service.impl.SendEventImpl] - Connect Failed",1+,2
56182,"E2E:2018-12-25 20:36:10,109 ERROR [com.e2e.dc.service.impl.SendEventImpl] - Connect Failed",1+,2
56183,"E2E:2018-12-25 20:35:55,676 ERROR [com.e2e.dc.service.impl.SendEventImpl] - Connect Failed",1+,2
56184,"E2E:2018-12-25 20:36:47,378 ERROR [com.e2e.dc.service.impl.SendEventImpl] - Connect Failed",1+,2
56185,"E2E:2018-12-25 20:36:14,013 ERROR [com.e2e.dc.service.impl.SendEventImpl] - Connect Failed",1+,2
56186,"E2E:2018-12-25 20:36:42,313 ERROR [com.e2e.dc.service.impl.SendEventImpl] - Connect Failed",1+,2
56187,"E2E:2018-12-25 20:35:47,372 ERROR [com.e2e.dc.service.impl.SendEventImpl] - Connect Failed",1+,2
56188,"E2E:2018-12-25 20:36:38,511 ERROR [com.e2e.dc.service.impl.SendEventImpl] - Connect Failed",1+,2
56189,"E2E:2018-12-25 20:35:47,375 ERROR [com.e2e.dc.service.impl.SendEventImpl] - Connect Failed",1+,2
56190,"E2E:2018-12-25 20:37:17,376 ERROR [com.e2e.dc.service.impl.SendEventImpl] - Connect Failed",1+,2
56191,"E2E:2018-12-25 20:36:40,292 ERROR [com.e2e.dc.service.impl.SendEventImpl] - Connect Failed",1+,2
56192,"E2E:2018-12-25 20:35:40,289 ERROR [com.e2e.dc.service.impl.SendEventImpl] - Connect Failed",1+,2
56193,"E2E:2018-12-25 20:36:55,679 ERROR [com.e2e.dc.service.impl.SendEventImpl] - Connect Failed",1+,2
56194,"E2E:2018-12-25 20:36:10,291 ERROR [com.e2e.dc.service.impl.SendEventImpl] - Connect Failed",1+,2
56195,"E2E:2018-12-25 20:35:42,310 ERROR [com.e2e.dc.service.impl.SendEventImpl] - Connect Failed",1+,2
56196,"E2E:2018-12-25 20:37:17,380 ERROR [com.e2e.dc.service.impl.SendEventImpl] - Connect Failed",1+,2
56197,"E2E:2018-12-25 20:36:40,111 ERROR [com.e2e.dc.service.impl.SendEventImpl] - Connect Failed",1+,2
56198,"E2E:2018-12-25 20:37:10,112 ERROR [com.e2e.dc.service.impl.SendEventImpl] - Connect Failed",1+,2
56199,"E2E:2018-12-25 20:34:38,505 ERROR [com.e2e.dc.service.impl.SendEventImpl] - Connect Failed",1+,2
56200,"E2E:2018-12-25 20:34:40,287 ERROR [com.e2e.dc.service.impl.SendEventImpl] - Connect Failed",1+,2
56201,"E2E:2018-12-25 20:34:10,286 ERROR [com.e2e.dc.service.impl.SendEventImpl] - Connect Failed",1+,2
56202,"E2E:2018-12-25 20:35:08,507 ERROR [com.e2e.dc.service.impl.SendEventImpl] - Connect Failed",1+,2
56203,"E2E:2018-12-25 20:33:55,670 ERROR [com.e2e.dc.service.impl.SendEventImpl] - Connect Failed",1+,2
56204,"E2E:2018-12-25 20:34:55,673 ERROR [com.e2e.dc.service.impl.SendEventImpl] - Connect Failed",1+,2
56205,"E2E:2018-12-25 20:34:12,305 ERROR [com.e2e.dc.service.impl.SendEventImpl] - Connect Failed",1+,2
56206,"E2E:2018-12-25 20:34:47,372 ERROR [com.e2e.dc.service.impl.SendEventImpl] - Connect Failed",1+,2
56207,"E2E:2018-12-25 20:34:17,371 ERROR [com.e2e.dc.service.impl.SendEventImpl] - Connect Failed",1+,2
56208,"E2E:2018-12-25 20:33:40,102 ERROR [com.e2e.dc.service.impl.SendEventImpl] - Connect Failed",1+,2
56209,"E2E:2018-12-25 20:35:17,371 ERROR [com.e2e.dc.service.impl.SendEventImpl] - Connect Failed",1+,2
56210,"E2E:2018-12-25 20:33:47,367 ERROR [com.e2e.dc.service.impl.SendEventImpl] - Connect Failed",1+,2
56211,"E2E:2018-12-25 20:35:17,374 ERROR [com.e2e.dc.service.impl.SendEventImpl] - Connect Failed",1+,2
56212,"E2E:2018-12-25 20:34:08,497 ERROR [com.e2e.dc.service.impl.SendEventImpl] - Connect Failed",1+,2
56213,"E2E:2018-12-25 20:34:47,370 ERROR [com.e2e.dc.service.impl.SendEventImpl] - Connect Failed",1+,2
56214,"E2E:2018-12-25 20:35:10,288 ERROR [com.e2e.dc.service.impl.SendEventImpl] - Connect Failed",1+,2
56215,"E2E:2018-12-25 20:33:38,493 ERROR [com.e2e.dc.service.impl.SendEventImpl] - Connect Failed",1+,2
56216,"E2E:2018-12-25 20:34:17,368 ERROR [com.e2e.dc.service.impl.SendEventImpl] - Connect Failed",1+,2
56217,"E2E:2018-12-25 20:33:42,303 ERROR [com.e2e.dc.service.impl.SendEventImpl] - Connect Failed",1+,2
56218,"E2E:2018-12-25 20:33:47,369 ERROR [com.e2e.dc.service.impl.SendEventImpl] - Connect Failed",1+,2
56219,"E2E:2018-12-25 20:33:40,284 ERROR [com.e2e.dc.service.impl.SendEventImpl] - Connect Failed",1+,2
56220,"E2E:2018-12-25 20:34:44,009 ERROR [com.e2e.dc.service.impl.SendEventImpl] - Connect Failed",1+,2
56221,"E2E:2018-12-25 20:34:25,671 ERROR [com.e2e.dc.service.impl.SendEventImpl] - Connect Failed",1+,2
56222,"E2E:2018-12-25 20:35:14,010 ERROR [com.e2e.dc.service.impl.SendEventImpl] - Connect Failed",1+,2
56223,"E2E:2018-12-25 20:33:25,668 ERROR [com.e2e.dc.service.impl.SendEventImpl] - Connect Failed",1+,2
56224,"E2E:2018-12-25 20:35:10,107 ERROR [com.e2e.dc.service.impl.SendEventImpl] - Connect Failed",1+,2
56225,"E2E:2018-12-25 20:34:10,104 ERROR [com.e2e.dc.service.impl.SendEventImpl] - Connect Failed",1+,2
56226,"E2E:2018-12-25 20:33:44,006 ERROR [com.e2e.dc.service.impl.SendEventImpl] - Connect Failed",1+,2
56227,"E2E:2018-12-25 20:34:42,306 ERROR [com.e2e.dc.service.impl.SendEventImpl] - Connect Failed",1+,2
56228,"E2E:2018-12-25 20:34:40,105 ERROR [com.e2e.dc.service.impl.SendEventImpl] - Connect Failed",1+,2
56229,"E2E:2018-12-25 20:34:14,008 ERROR [com.e2e.dc.service.impl.SendEventImpl] - Connect Failed",1+,2
56230,"E2E:2018-12-25 20:35:12,308 ERROR [com.e2e.dc.service.impl.SendEventImpl] - Connect Failed",1+,2
56231,"E2E:2018-12-25 20:32:40,100 ERROR [com.e2e.dc.service.impl.SendEventImpl] - Connect Failed",1+,2
56232,"E2E:2018-12-25 20:32:47,365 ERROR [com.e2e.dc.service.impl.SendEventImpl] - Connect Failed",1+,2
56233,"E2E:2018-12-25 20:31:25,662 ERROR [com.e2e.dc.service.impl.SendEventImpl] - Connect Failed",1+,2
56234,"E2E:2018-12-25 20:32:12,298 ERROR [com.e2e.dc.service.impl.SendEventImpl] - Connect Failed",1+,2
56235,"E2E:2018-12-25 20:33:17,368 ERROR [com.e2e.dc.service.impl.SendEventImpl] - Connect Failed",1+,2
56236,"E2E:2018-12-25 20:31:40,097 ERROR [com.e2e.dc.service.impl.SendEventImpl] - Connect Failed",1+,2
56237,"E2E:2018-12-25 20:31:47,362 ERROR [com.e2e.dc.service.impl.SendEventImpl] - Connect Failed",1+,2
56238,"E2E:2018-12-25 20:32:08,483 ERROR [com.e2e.dc.service.impl.SendEventImpl] - Connect Failed",1+,2
56239,"E2E:2018-12-25 20:31:42,296 ERROR [com.e2e.dc.service.impl.SendEventImpl] - Connect Failed",1+,2
56240,"E2E:2018-12-25 20:32:10,098 ERROR [com.e2e.dc.service.impl.SendEventImpl] - Connect Failed",1+,2
56241,"E2E:2018-12-25 20:32:40,281 ERROR [com.e2e.dc.service.impl.SendEventImpl] - Connect Failed",1+,2
56242,"E2E:2018-12-25 20:31:55,664 ERROR [com.e2e.dc.service.impl.SendEventImpl] - Connect Failed",1+,2
56243,"E2E:2018-12-25 20:33:14,005 ERROR [com.e2e.dc.service.impl.SendEventImpl] - Connect Failed",1+,2
56244,"E2E:2018-12-25 20:32:17,363 ERROR [com.e2e.dc.service.impl.SendEventImpl] - Connect Failed",1+,2
56245,"E2E:2018-12-25 20:32:17,365 ERROR [com.e2e.dc.service.impl.SendEventImpl] - Connect Failed",1+,2
56246,"E2E:2018-12-25 20:32:10,280 ERROR [com.e2e.dc.service.impl.SendEventImpl] - Connect Failed",1+,2
56247,"E2E:2018-12-25 20:31:38,482 ERROR [com.e2e.dc.service.impl.SendEventImpl] - Connect Failed",1+,2
56248,"E2E:2018-12-25 20:31:47,364 ERROR [com.e2e.dc.service.impl.SendEventImpl] - Connect Failed",1+,2
56249,"E2E:2018-12-25 20:33:08,491 ERROR [com.e2e.dc.service.impl.SendEventImpl] - Connect Failed",1+,2
56250,"E2E:2018-12-25 20:33:10,283 ERROR [com.e2e.dc.service.impl.SendEventImpl] - Connect Failed",1+,2
56251,"E2E:2018-12-25 20:33:17,366 ERROR [com.e2e.dc.service.impl.SendEventImpl] - Connect Failed",1+,2
56252,"E2E:2018-12-25 20:31:40,279 ERROR [com.e2e.dc.service.impl.SendEventImpl] - Connect Failed",1+,2
56253,"E2E:2018-12-25 20:32:42,300 ERROR [com.e2e.dc.service.impl.SendEventImpl] - Connect Failed",1+,2
56254,"E2E:2018-12-25 20:32:14,001 ERROR [com.e2e.dc.service.impl.SendEventImpl] - Connect Failed",1+,2
56255,"E2E:2018-12-25 20:33:10,101 ERROR [com.e2e.dc.service.impl.SendEventImpl] - Connect Failed",1+,2
56256,"E2E:2018-12-25 20:32:47,367 ERROR [com.e2e.dc.service.impl.SendEventImpl] - Connect Failed",1+,2
56257,"E2E:2018-12-25 20:32:55,667 ERROR [com.e2e.dc.service.impl.SendEventImpl] - Connect Failed",1+,2
56258,"E2E:2018-12-25 20:33:12,301 ERROR [com.e2e.dc.service.impl.SendEventImpl] - Connect Failed",1+,2
56259,"E2E:2018-12-25 20:32:25,665 ERROR [com.e2e.dc.service.impl.SendEventImpl] - Connect Failed",1+,2
56260,"E2E:2018-12-25 20:32:38,485 ERROR [com.e2e.dc.service.impl.SendEventImpl] - Connect Failed",1+,2
56261,"E2E:2018-12-25 20:31:44,000 ERROR [com.e2e.dc.service.impl.SendEventImpl] - Connect Failed",1+,2
56262,"E2E:2018-12-25 20:32:44,003 ERROR [com.e2e.dc.service.impl.SendEventImpl] - Connect Failed",1+,2
56263,"E2E:2018-12-25 20:29:38,476 ERROR [com.e2e.dc.service.impl.SendEventImpl] - Connect Failed",1+,2
56264,"E2E:2018-12-25 20:29:47,357 ERROR [com.e2e.dc.service.impl.SendEventImpl] - Connect Failed",1+,2
56265,"E2E:2018-12-25 20:29:43,994 ERROR [com.e2e.dc.service.impl.SendEventImpl] - Connect Failed",1+,2
56266,"E2E:2018-12-25 20:30:13,995 ERROR [com.e2e.dc.service.impl.SendEventImpl] - Connect Failed",1+,2
56267,"E2E:2018-12-25 20:30:17,358 ERROR [com.e2e.dc.service.impl.SendEventImpl] - Connect Failed",1+,2
56268,"E2E:2018-12-25 20:29:42,288 ERROR [com.e2e.dc.service.impl.SendEventImpl] - Connect Failed",1+,2
56269,"E2E:2018-12-25 20:31:17,362 ERROR [com.e2e.dc.service.impl.SendEventImpl] - Connect Failed",1+,2
56270,"E2E:2018-12-25 20:31:12,294 ERROR [com.e2e.dc.service.impl.SendEventImpl] - Connect Failed",1+,2
56271,"E2E:2018-12-25 20:30:25,659 ERROR [com.e2e.dc.service.impl.SendEventImpl] - Connect Failed",1+,2
56272,"E2E:2018-12-25 20:29:47,357 ERROR [com.e2e.dc.service.impl.SendEventImpl] - Connect Failed",1+,2
56273,"E2E:2018-12-25 20:30:47,361 ERROR [com.e2e.dc.service.impl.SendEventImpl] - Connect Failed",1+,2
56274,"E2E:2018-12-25 20:29:40,274 ERROR [com.e2e.dc.service.impl.SendEventImpl] - Connect Failed",1+,2
56275,"E2E:2018-12-25 20:30:55,661 ERROR [com.e2e.dc.service.impl.SendEventImpl] - Connect Failed",1+,2
56276,"E2E:2018-12-25 20:31:10,096 ERROR [com.e2e.dc.service.impl.SendEventImpl] - Connect Failed",1+,2
56277,"E2E:2018-12-25 20:29:25,656 ERROR [com.e2e.dc.service.impl.SendEventImpl] - Connect Failed",1+,2
56278,"E2E:2018-12-25 20:30:38,479 ERROR [com.e2e.dc.service.impl.SendEventImpl] - Connect Failed",1+,2
56279,"E2E:2018-12-25 20:29:40,092 ERROR [com.e2e.dc.service.impl.SendEventImpl] - Connect Failed",1+,2
56280,"E2E:2018-12-25 20:30:40,095 ERROR [com.e2e.dc.service.impl.SendEventImpl] - Connect Failed",1+,2
56281,"E2E:2018-12-25 20:31:17,361 ERROR [com.e2e.dc.service.impl.SendEventImpl] - Connect Failed",1+,2
56282,"E2E:2018-12-25 20:31:08,480 ERROR [com.e2e.dc.service.impl.SendEventImpl] - Connect Failed",1+,2
56283,"E2E:2018-12-25 20:30:40,276 ERROR [com.e2e.dc.service.impl.SendEventImpl] - Connect Failed",1+,2
56284,"E2E:2018-12-25 20:30:17,359 ERROR [com.e2e.dc.service.impl.SendEventImpl] - Connect Failed",1+,2
56285,"E2E:2018-12-25 20:30:10,093 ERROR [com.e2e.dc.service.impl.SendEventImpl] - Connect Failed",1+,2
56286,"E2E:2018-12-25 20:31:10,278 ERROR [com.e2e.dc.service.impl.SendEventImpl] - Connect Failed",1+,2
56287,"E2E:2018-12-25 20:30:12,290 ERROR [com.e2e.dc.service.impl.SendEventImpl] - Connect Failed",1+,2
56288,"E2E:2018-12-25 20:29:55,658 ERROR [com.e2e.dc.service.impl.SendEventImpl] - Connect Failed",1+,2
56289,"E2E:2018-12-25 20:30:42,293 ERROR [com.e2e.dc.service.impl.SendEventImpl] - Connect Failed",1+,2
56290,"E2E:2018-12-25 20:30:43,997 ERROR [com.e2e.dc.service.impl.SendEventImpl] - Connect Failed",1+,2
56291,"E2E:2018-12-25 20:31:13,998 ERROR [com.e2e.dc.service.impl.SendEventImpl] - Connect Failed",1+,2
56292,"E2E:2018-12-25 20:30:47,360 ERROR [com.e2e.dc.service.impl.SendEventImpl] - Connect Failed",1+,2
56293,"E2E:2018-12-25 20:30:10,275 ERROR [com.e2e.dc.service.impl.SendEventImpl] - Connect Failed",1+,2
56294,"E2E:2018-12-25 20:30:08,478 ERROR [com.e2e.dc.service.impl.SendEventImpl] - Connect Failed",1+,2
56295,"E2E:2018-12-25 20:28:47,354 ERROR [com.e2e.dc.service.impl.SendEventImpl] - Connect Failed",1+,2
56296,"E2E:2018-12-25 20:28:13,990 ERROR [com.e2e.dc.service.impl.SendEventImpl] - Connect Failed",1+,2
56297,"E2E:2018-12-25 20:29:13,992 ERROR [com.e2e.dc.service.impl.SendEventImpl] - Connect Failed",1+,2
56298,"E2E:2018-12-25 20:28:42,285 ERROR [com.e2e.dc.service.impl.SendEventImpl] - Connect Failed",1+,2
56299,"E2E:2018-12-25 20:29:12,287 ERROR [com.e2e.dc.service.impl.SendEventImpl] - Connect Failed",1+,2
56300,"E2E:2018-12-25 20:28:08,464 ERROR [com.e2e.dc.service.impl.SendEventImpl] - Connect Failed",1+,2
56301,"E2E:2018-12-25 20:28:17,352 ERROR [com.e2e.dc.service.impl.SendEventImpl] - Connect Failed",1+,2
56302,"E2E:2018-12-25 20:27:47,351 ERROR [com.e2e.dc.service.impl.SendEventImpl] - Connect Failed",1+,2
56303,"E2E:2018-12-25 20:28:17,351 ERROR [com.e2e.dc.service.impl.SendEventImpl] - Connect Failed",1+,2
56304,"E2E:2018-12-25 20:27:55,652 ERROR [com.e2e.dc.service.impl.SendEventImpl] - Connect Failed",1+,2
56305,"E2E:2018-12-25 20:29:10,091 ERROR [com.e2e.dc.service.impl.SendEventImpl] - Connect Failed",1+,2
56306,"E2E:2018-12-25 20:28:47,353 ERROR [com.e2e.dc.service.impl.SendEventImpl] - Connect Failed",1+,2
56307,"E2E:2018-12-25 20:29:17,355 ERROR [com.e2e.dc.service.impl.SendEventImpl] - Connect Failed",1+,2
56308,"E2E:2018-12-25 20:27:43,988 ERROR [com.e2e.dc.service.impl.SendEventImpl] - Connect Failed",1+,2
56309,"E2E:2018-12-25 20:28:10,088 ERROR [com.e2e.dc.service.impl.SendEventImpl] - Connect Failed",1+,2
56310,"E2E:2018-12-25 20:29:08,469 ERROR [com.e2e.dc.service.impl.SendEventImpl] - Connect Failed",1+,2
56311,"E2E:2018-12-25 20:28:10,268 ERROR [com.e2e.dc.service.impl.SendEventImpl] - Connect Failed",1+,2
56312,"E2E:2018-12-25 20:27:47,349 ERROR [com.e2e.dc.service.impl.SendEventImpl] - Connect Failed",1+,2
56313,"E2E:2018-12-25 20:27:42,281 ERROR [com.e2e.dc.service.impl.SendEventImpl] - Connect Failed",1+,2
56314,"E2E:2018-12-25 20:28:12,283 ERROR [com.e2e.dc.service.impl.SendEventImpl] - Connect Failed",1+,2
56315,"E2E:2018-12-25 20:28:38,467 ERROR [com.e2e.dc.service.impl.SendEventImpl] - Connect Failed",1+,2
56316,"E2E:2018-12-25 20:27:40,087 ERROR [com.e2e.dc.service.impl.SendEventImpl] - Connect Failed",1+,2
56317,"E2E:2018-12-25 20:28:40,090 ERROR [com.e2e.dc.service.impl.SendEventImpl] - Connect Failed",1+,2
56318,"E2E:2018-12-25 20:27:38,463 ERROR [com.e2e.dc.service.impl.SendEventImpl] - Connect Failed",1+,2
56319,"E2E:2018-12-25 20:27:25,650 ERROR [com.e2e.dc.service.impl.SendEventImpl] - Connect Failed",1+,2
56320,"E2E:2018-12-25 20:29:17,355 ERROR [com.e2e.dc.service.impl.SendEventImpl] - Connect Failed",1+,2
56321,"E2E:2018-12-25 20:27:40,267 ERROR [com.e2e.dc.service.impl.SendEventImpl] - Connect Failed",1+,2
56322,"E2E:2018-12-25 20:28:40,271 ERROR [com.e2e.dc.service.impl.SendEventImpl] - Connect Failed",1+,2
56323,"E2E:2018-12-25 20:28:43,991 ERROR [com.e2e.dc.service.impl.SendEventImpl] - Connect Failed",1+,2
56324,"E2E:2018-12-25 20:28:55,655 ERROR [com.e2e.dc.service.impl.SendEventImpl] - Connect Failed",1+,2
56325,"E2E:2018-12-25 20:28:25,653 ERROR [com.e2e.dc.service.impl.SendEventImpl] - Connect Failed",1+,2
56326,"E2E:2018-12-25 20:29:10,272 ERROR [com.e2e.dc.service.impl.SendEventImpl] - Connect Failed",1+,2
56327,"E2E:2018-12-25 20:26:38,459 ERROR [com.e2e.dc.service.impl.SendEventImpl] - Connect Failed",1+,2
56328,"E2E:2018-12-25 20:27:10,265 ERROR [com.e2e.dc.service.impl.SendEventImpl] - Connect Failed",1+,2
56329,"E2E:2018-12-25 20:26:08,457 ERROR [com.e2e.dc.service.impl.SendEventImpl] - Connect Failed",1+,2
56330,"E2E:2018-12-25 20:25:25,644 ERROR [com.e2e.dc.service.impl.SendEventImpl] - Connect Failed",1+,2
56331,"E2E:2018-12-25 20:26:10,263 ERROR [com.e2e.dc.service.impl.SendEventImpl] - Connect Failed",1+,2
56332,"E2E:2018-12-25 20:27:17,350 ERROR [com.e2e.dc.service.impl.SendEventImpl] - Connect Failed",1+,2
56333,"E2E:2018-12-25 20:25:43,983 ERROR [com.e2e.dc.service.impl.SendEventImpl] - Connect Failed",1+,2
56334,"E2E:2018-12-25 20:26:13,984 ERROR [com.e2e.dc.service.impl.SendEventImpl] - Connect Failed",1+,2
56335,"E2E:2018-12-25 20:26:12,276 ERROR [com.e2e.dc.service.impl.SendEventImpl] - Connect Failed",1+,2
56336,"E2E:2018-12-25 20:25:42,274 ERROR [com.e2e.dc.service.impl.SendEventImpl] - Connect Failed",1+,2
56337,"E2E:2018-12-25 20:25:40,082 ERROR [com.e2e.dc.service.impl.SendEventImpl] - Connect Failed",1+,2
56338,"E2E:2018-12-25 20:25:47,346 ERROR [com.e2e.dc.service.impl.SendEventImpl] - Connect Failed",1+,2
56339,"E2E:2018-12-25 20:26:47,349 ERROR [com.e2e.dc.service.impl.SendEventImpl] - Connect Failed",1+,2
56340,"E2E:2018-12-25 20:27:08,460 ERROR [com.e2e.dc.service.impl.SendEventImpl] - Connect Failed",1+,2
56341,"E2E:2018-12-25 20:26:42,277 ERROR [com.e2e.dc.service.impl.SendEventImpl] - Connect Failed",1+,2
56342,"E2E:2018-12-25 20:25:38,456 ERROR [com.e2e.dc.service.impl.SendEventImpl] - Connect Failed",1+,2
56343,"E2E:2018-12-25 20:27:10,086 ERROR [com.e2e.dc.service.impl.SendEventImpl] - Connect Failed",1+,2
56344,"E2E:2018-12-25 20:25:55,646 ERROR [com.e2e.dc.service.impl.SendEventImpl] - Connect Failed",1+,2
56345,"E2E:2018-12-25 20:26:40,264 ERROR [com.e2e.dc.service.impl.SendEventImpl] - Connect Failed",1+,2
56346,"E2E:2018-12-25 20:27:12,279 ERROR [com.e2e.dc.service.impl.SendEventImpl] - Connect Failed",1+,2
56347,"E2E:2018-12-25 20:26:55,649 ERROR [com.e2e.dc.service.impl.SendEventImpl] - Connect Failed",1+,2
56348,"E2E:2018-12-25 20:26:10,083 ERROR [com.e2e.dc.service.impl.SendEventImpl] - Connect Failed",1+,2
56349,"E2E:2018-12-25 20:26:25,647 ERROR [com.e2e.dc.service.impl.SendEventImpl] - Connect Failed",1+,2
56350,"E2E:2018-12-25 20:26:17,348 ERROR [com.e2e.dc.service.impl.SendEventImpl] - Connect Failed",1+,2
56351,"E2E:2018-12-25 20:27:13,987 ERROR [com.e2e.dc.service.impl.SendEventImpl] - Connect Failed",1+,2
56352,"E2E:2018-12-25 20:26:43,986 ERROR [com.e2e.dc.service.impl.SendEventImpl] - Connect Failed",1+,2
56353,"E2E:2018-12-25 20:25:40,261 ERROR [com.e2e.dc.service.impl.SendEventImpl] - Connect Failed",1+,2
56354,"E2E:2018-12-25 20:26:40,084 ERROR [com.e2e.dc.service.impl.SendEventImpl] - Connect Failed",1+,2
56355,"E2E:2018-12-25 20:23:47,341 ERROR [com.e2e.dc.service.impl.SendEventImpl] - Connect Failed",1+,2
56356,"E2E:2018-12-25 20:24:10,257 ERROR [com.e2e.dc.service.impl.SendEventImpl] - Connect Failed",1+,2
56357,"E2E:2018-12-25 20:23:43,977 ERROR [com.e2e.dc.service.impl.SendEventImpl] - Connect Failed",1+,2
56358,"E2E:2018-12-25 20:23:55,640 ERROR [com.e2e.dc.service.impl.SendEventImpl] - Connect Failed",1+,2
56359,"E2E:2018-12-25 20:24:08,451 ERROR [com.e2e.dc.service.impl.SendEventImpl] - Connect Failed",1+,2
56360,"E2E:2018-12-25 20:24:55,643 ERROR [com.e2e.dc.service.impl.SendEventImpl] - Connect Failed",1+,2
56361,"E2E:2018-12-25 20:24:40,258 ERROR [com.e2e.dc.service.impl.SendEventImpl] - Connect Failed",1+,2
56362,"E2E:2018-12-25 20:25:12,272 ERROR [com.e2e.dc.service.impl.SendEventImpl] - Connect Failed",1+,2
56363,"E2E:2018-12-25 20:23:40,077 ERROR [com.e2e.dc.service.impl.SendEventImpl] - Connect Failed",1+,2
56364,"E2E:2018-12-25 20:24:47,344 ERROR [com.e2e.dc.service.impl.SendEventImpl] - Connect Failed",1+,2
56365,"E2E:2018-12-25 20:23:38,450 ERROR [com.e2e.dc.service.impl.SendEventImpl] - Connect Failed",1+,2
56366,"E2E:2018-12-25 20:25:10,080 ERROR [com.e2e.dc.service.impl.SendEventImpl] - Connect Failed",1+,2
56367,"E2E:2018-12-25 20:25:17,345 ERROR [com.e2e.dc.service.impl.SendEventImpl] - Connect Failed",1+,2
56368,"E2E:2018-12-25 20:24:42,271 ERROR [com.e2e.dc.service.impl.SendEventImpl] - Connect Failed",1+,2
56369,"E2E:2018-12-25 20:25:13,981 ERROR [com.e2e.dc.service.impl.SendEventImpl] - Connect Failed",1+,2
56370,"E2E:2018-12-25 20:24:43,980 ERROR [com.e2e.dc.service.impl.SendEventImpl] - Connect Failed",1+,2
56371,"E2E:2018-12-25 20:23:25,638 ERROR [com.e2e.dc.service.impl.SendEventImpl] - Connect Failed",1+,2
56372,"E2E:2018-12-25 20:24:38,453 ERROR [com.e2e.dc.service.impl.SendEventImpl] - Connect Failed",1+,2
56373,"E2E:2018-12-25 20:24:17,343 ERROR [com.e2e.dc.service.impl.SendEventImpl] - Connect Failed",1+,2
56374,"E2E:2018-12-25 20:24:12,269 ERROR [com.e2e.dc.service.impl.SendEventImpl] - Connect Failed",1+,2
56375,"E2E:2018-12-25 20:23:40,256 ERROR [com.e2e.dc.service.impl.SendEventImpl] - Connect Failed",1+,2
56376,"E2E:2018-12-25 20:25:10,260 ERROR [com.e2e.dc.service.impl.SendEventImpl] - Connect Failed",1+,2
56377,"E2E:2018-12-25 20:23:42,267 ERROR [com.e2e.dc.service.impl.SendEventImpl] - Connect Failed",1+,2
56378,"E2E:2018-12-25 20:24:13,978 ERROR [com.e2e.dc.service.impl.SendEventImpl] - Connect Failed",1+,2
56379,"E2E:2018-12-25 20:24:25,641 ERROR [com.e2e.dc.service.impl.SendEventImpl] - Connect Failed",1+,2
56380,"E2E:2018-12-25 20:25:08,454 ERROR [com.e2e.dc.service.impl.SendEventImpl] - Connect Failed",1+,2
56381,"E2E:2018-12-25 20:24:10,078 ERROR [com.e2e.dc.service.impl.SendEventImpl] - Connect Failed",1+,2
56382,"E2E:2018-12-25 20:24:40,079 ERROR [com.e2e.dc.service.impl.SendEventImpl] - Connect Failed",1+,2
56383,"E2E:2018-12-25 20:22:42,264 ERROR [com.e2e.dc.service.impl.SendEventImpl] - Connect Failed",1+,2
56384,"E2E:2018-12-25 20:21:43,971 ERROR [com.e2e.dc.service.impl.SendEventImpl] - Connect Failed",1+,2
56385,"E2E:2018-12-25 20:22:17,337 ERROR [com.e2e.dc.service.impl.SendEventImpl] - Connect Failed",1+,2
56386,"E2E:2018-12-25 20:22:47,338 ERROR [com.e2e.dc.service.impl.SendEventImpl] - Connect Failed",1+,2
56387,"E2E:2018-12-25 20:22:08,446 ERROR [com.e2e.dc.service.impl.SendEventImpl] - Connect Failed",1+,2
56388,"E2E:2018-12-25 20:22:10,252 ERROR [com.e2e.dc.service.impl.SendEventImpl] - Connect Failed",1+,2
56389,"E2E:2018-12-25 20:22:40,253 ERROR [com.e2e.dc.service.impl.SendEventImpl] - Connect Failed",1+,2
56390,"E2E:2018-12-25 20:21:40,071 ERROR [com.e2e.dc.service.impl.SendEventImpl] - Connect Failed",1+,2
56391,"E2E:2018-12-25 20:21:55,634 ERROR [com.e2e.dc.service.impl.SendEventImpl] - Connect Failed",1+,2
56392,"E2E:2018-12-25 20:22:10,073 ERROR [com.e2e.dc.service.impl.SendEventImpl] - Connect Failed",1+,2
56393,"E2E:2018-12-25 20:22:38,447 ERROR [com.e2e.dc.service.impl.SendEventImpl] - Connect Failed",1+,2
56394,"E2E:2018-12-25 20:21:40,250 ERROR [com.e2e.dc.service.impl.SendEventImpl] - Connect Failed",1+,2
56395,"E2E:2018-12-25 20:23:13,976 ERROR [com.e2e.dc.service.impl.SendEventImpl] - Connect Failed",1+,2
56396,"E2E:2018-12-25 20:22:55,637 ERROR [com.e2e.dc.service.impl.SendEventImpl] - Connect Failed",1+,2
56397,"E2E:2018-12-25 20:21:38,444 ERROR [com.e2e.dc.service.impl.SendEventImpl] - Connect Failed",1+,2
56398,"E2E:2018-12-25 20:22:25,635 ERROR [com.e2e.dc.service.impl.SendEventImpl] - Connect Failed",1+,2
56399,"E2E:2018-12-25 20:22:13,973 ERROR [com.e2e.dc.service.impl.SendEventImpl] - Connect Failed",1+,2
56400,"E2E:2018-12-25 20:23:10,075 ERROR [com.e2e.dc.service.impl.SendEventImpl] - Connect Failed",1+,2
56401,"E2E:2018-12-25 20:21:25,633 ERROR [com.e2e.dc.service.impl.SendEventImpl] - Connect Failed",1+,2
56402,"E2E:2018-12-25 20:23:10,254 ERROR [com.e2e.dc.service.impl.SendEventImpl] - Connect Failed",1+,2
56403,"E2E:2018-12-25 20:21:47,335 ERROR [com.e2e.dc.service.impl.SendEventImpl] - Connect Failed",1+,2
56404,"E2E:2018-12-25 20:21:42,261 ERROR [com.e2e.dc.service.impl.SendEventImpl] - Connect Failed",1+,2
56405,"E2E:2018-12-25 20:22:40,074 ERROR [com.e2e.dc.service.impl.SendEventImpl] - Connect Failed",1+,2
56406,"E2E:2018-12-25 20:22:12,262 ERROR [com.e2e.dc.service.impl.SendEventImpl] - Connect Failed",1+,2
56407,"E2E:2018-12-25 20:23:08,449 ERROR [com.e2e.dc.service.impl.SendEventImpl] - Connect Failed",1+,2
56408,"E2E:2018-12-25 20:22:43,974 ERROR [com.e2e.dc.service.impl.SendEventImpl] - Connect Failed",1+,2
56409,"E2E:2018-12-25 20:23:12,266 ERROR [com.e2e.dc.service.impl.SendEventImpl] - Connect Failed",1+,2
56410,"E2E:2018-12-25 20:23:17,340 ERROR [com.e2e.dc.service.impl.SendEventImpl] - Connect Failed",1+,2
56411,"E2E:2018-12-25 20:21:10,249 ERROR [com.e2e.dc.service.impl.SendEventImpl] - Connect Failed",1+,2
56412,"E2E:2018-12-25 20:21:13,970 ERROR [com.e2e.dc.service.impl.SendEventImpl] - Connect Failed",1+,2
56413,"E2E:2018-12-25 20:20:43,968 ERROR [com.e2e.dc.service.impl.SendEventImpl] - Connect Failed",1+,2
56414,"E2E:2018-12-25 20:20:38,442 ERROR [com.e2e.dc.service.impl.SendEventImpl] - Connect Failed",1+,2
56415,"E2E:2018-12-25 20:20:40,068 ERROR [com.e2e.dc.service.impl.SendEventImpl] - Connect Failed",1+,2
56416,"E2E:2018-12-25 20:20:13,967 ERROR [com.e2e.dc.service.impl.SendEventImpl] - Connect Failed",1+,2
56417,"E2E:2018-12-25 20:20:40,247 ERROR [com.e2e.dc.service.impl.SendEventImpl] - Connect Failed",1+,2
56418,"E2E:2018-12-25 20:19:38,438 ERROR [com.e2e.dc.service.impl.SendEventImpl] - Connect Failed",1+,2
56419,"E2E:2018-12-25 20:20:10,067 ERROR [com.e2e.dc.service.impl.SendEventImpl] - Connect Failed",1+,2
56420,"E2E:2018-12-25 20:20:10,246 ERROR [com.e2e.dc.service.impl.SendEventImpl] - Connect Failed",1+,2
56421,"E2E:2018-12-25 20:20:17,331 ERROR [com.e2e.dc.service.impl.SendEventImpl] - Connect Failed",1+,2
56422,"E2E:2018-12-25 20:21:17,334 ERROR [com.e2e.dc.service.impl.SendEventImpl] - Connect Failed",1+,2
56423,"E2E:2018-12-25 20:20:12,256 ERROR [com.e2e.dc.service.impl.SendEventImpl] - Connect Failed",1+,2
56424,"E2E:2018-12-25 20:21:10,070 ERROR [com.e2e.dc.service.impl.SendEventImpl] - Connect Failed",1+,2
56425,"E2E:2018-12-25 20:19:40,245 ERROR [com.e2e.dc.service.impl.SendEventImpl] - Connect Failed",1+,2
56426,"E2E:2018-12-25 20:20:47,332 ERROR [com.e2e.dc.service.impl.SendEventImpl] - Connect Failed",1+,2
56427,"E2E:2018-12-25 20:21:08,443 ERROR [com.e2e.dc.service.impl.SendEventImpl] - Connect Failed",1+,2
56428,"E2E:2018-12-25 20:20:08,439 ERROR [com.e2e.dc.service.impl.SendEventImpl] - Connect Failed",1+,2
56429,"E2E:2018-12-25 20:20:42,257 ERROR [com.e2e.dc.service.impl.SendEventImpl] - Connect Failed",1+,2
56430,"E2E:2018-12-25 20:20:25,630 ERROR [com.e2e.dc.service.impl.SendEventImpl] - Connect Failed",1+,2
56431,"E2E:2018-12-25 20:19:42,254 ERROR [com.e2e.dc.service.impl.SendEventImpl] - Connect Failed",1+,2
56432,"E2E:2018-12-25 20:19:55,628 ERROR [com.e2e.dc.service.impl.SendEventImpl] - Connect Failed",1+,2
56433,"E2E:2018-12-25 20:20:55,631 ERROR [com.e2e.dc.service.impl.SendEventImpl] - Connect Failed",1+,2
56434,"E2E:2018-12-25 20:19:43,962 ERROR [com.e2e.dc.service.impl.SendEventImpl] - Connect Failed",1+,2
56435,"E2E:2018-12-25 20:21:12,259 ERROR [com.e2e.dc.service.impl.SendEventImpl] - Connect Failed",1+,2
56436,"E2E:2018-12-25 20:19:40,066 ERROR [com.e2e.dc.service.impl.SendEventImpl] - Connect Failed",1+,2
56437,"E2E:2018-12-25 20:19:25,627 ERROR [com.e2e.dc.service.impl.SendEventImpl] - Connect Failed",1+,2
56438,"E2E:2018-12-25 20:19:47,330 ERROR [com.e2e.dc.service.impl.SendEventImpl] - Connect Failed",1+,2
56439,"E2E:2018-12-25 20:17:40,240 ERROR [com.e2e.dc.service.impl.SendEventImpl] - Connect Failed",1+,2
56440,"E2E:2018-12-25 20:19:10,244 ERROR [com.e2e.dc.service.impl.SendEventImpl] - Connect Failed",1+,2
56441,"E2E:2018-12-25 20:17:55,622 ERROR [com.e2e.dc.service.impl.SendEventImpl] - Connect Failed",1+,2
56442,"E2E:2018-12-25 20:17:25,621 ERROR [com.e2e.dc.service.impl.SendEventImpl] - Connect Failed",1+,2
56443,"E2E:2018-12-25 20:19:08,436 ERROR [com.e2e.dc.service.impl.SendEventImpl] - Connect Failed",1+,2
56444,"E2E:2018-12-25 20:17:43,957 ERROR [com.e2e.dc.service.impl.SendEventImpl] - Connect Failed",1+,2
56445,"E2E:2018-12-25 20:18:47,327 ERROR [com.e2e.dc.service.impl.SendEventImpl] - Connect Failed",1+,2
56446,"E2E:2018-12-25 20:17:40,061 ERROR [com.e2e.dc.service.impl.SendEventImpl] - Connect Failed",1+,2
56447,"E2E:2018-12-25 20:19:12,252 ERROR [com.e2e.dc.service.impl.SendEventImpl] - Connect Failed",1+,2
56448,"E2E:2018-12-25 20:19:13,961 ERROR [com.e2e.dc.service.impl.SendEventImpl] - Connect Failed",1+,2
56449,"E2E:2018-12-25 20:18:17,265 ERROR [com.e2e.dc.service.impl.SendEventImpl] - Connect Failed",1+,2
56450,"E2E:2018-12-25 20:18:40,242 ERROR [com.e2e.dc.service.impl.SendEventImpl] - Connect Failed",1+,2
56451,"E2E:2018-12-25 20:19:17,328 ERROR [com.e2e.dc.service.impl.SendEventImpl] - Connect Failed",1+,2
56452,"E2E:2018-12-25 20:18:12,249 ERROR [com.e2e.dc.service.impl.SendEventImpl] - Connect Failed",1+,2
56453,"E2E:2018-12-25 20:18:38,434 ERROR [com.e2e.dc.service.impl.SendEventImpl] - Connect Failed",1+,2
56454,"E2E:2018-12-25 20:18:13,958 ERROR [com.e2e.dc.service.impl.SendEventImpl] - Connect Failed",1+,2
56455,"E2E:2018-12-25 20:18:10,241 ERROR [com.e2e.dc.service.impl.SendEventImpl] - Connect Failed",1+,2
56456,"E2E:2018-12-25 20:18:10,062 ERROR [com.e2e.dc.service.impl.SendEventImpl] - Connect Failed",1+,2
56457,"E2E:2018-12-25 20:19:10,065 ERROR [com.e2e.dc.service.impl.SendEventImpl] - Connect Failed",1+,2
56458,"E2E:2018-12-25 20:18:55,625 ERROR [com.e2e.dc.service.impl.SendEventImpl] - Connect Failed",1+,2
56459,"E2E:2018-12-25 20:17:47,264 ERROR [com.e2e.dc.service.impl.SendEventImpl] - Connect Failed",1+,2
56460,"E2E:2018-12-25 20:17:38,430 ERROR [com.e2e.dc.service.impl.SendEventImpl] - Connect Failed",1+,2
56461,"E2E:2018-12-25 20:18:43,959 ERROR [com.e2e.dc.service.impl.SendEventImpl] - Connect Failed",1+,2
56462,"E2E:2018-12-25 20:18:42,251 ERROR [com.e2e.dc.service.impl.SendEventImpl] - Connect Failed",1+,2
56463,"E2E:2018-12-25 20:18:40,063 ERROR [com.e2e.dc.service.impl.SendEventImpl] - Connect Failed",1+,2
56464,"E2E:2018-12-25 20:18:08,432 ERROR [com.e2e.dc.service.impl.SendEventImpl] - Connect Failed",1+,2
56465,"E2E:2018-12-25 20:18:25,624 ERROR [com.e2e.dc.service.impl.SendEventImpl] - Connect Failed",1+,2
56466,"E2E:2018-12-25 20:17:42,247 ERROR [com.e2e.dc.service.impl.SendEventImpl] - Connect Failed",1+,2
56467,"E2E:2018-12-25 20:16:17,260 ERROR [com.e2e.dc.service.impl.SendEventImpl] - Connect Failed",1+,2
56468,"E2E:2018-12-25 20:16:47,262 ERROR [com.e2e.dc.service.impl.SendEventImpl] - Connect Failed",1+,2
56469,"E2E:2018-12-25 20:16:10,235 ERROR [com.e2e.dc.service.impl.SendEventImpl] - Connect Failed",1+,2
56470,"E2E:2018-12-25 20:16:25,618 ERROR [com.e2e.dc.service.impl.SendEventImpl] - Connect Failed",1+,2
56471,"E2E:2018-12-25 20:16:55,619 ERROR [com.e2e.dc.service.impl.SendEventImpl] - Connect Failed",1+,2
56472,"E2E:2018-12-25 20:15:47,259 ERROR [com.e2e.dc.service.impl.SendEventImpl] - Connect Failed",1+,2
56473,"E2E:2018-12-25 20:16:40,237 ERROR [com.e2e.dc.service.impl.SendEventImpl] - Connect Failed",1+,2
56474,"E2E:2018-12-25 20:16:42,244 ERROR [com.e2e.dc.service.impl.SendEventImpl] - Connect Failed",1+,2
56475,"E2E:2018-12-25 20:15:40,234 ERROR [com.e2e.dc.service.impl.SendEventImpl] - Connect Failed",1+,2
56476,"E2E:2018-12-25 20:17:12,245 ERROR [com.e2e.dc.service.impl.SendEventImpl] - Connect Failed",1+,2
56477,"E2E:2018-12-25 20:17:17,263 ERROR [com.e2e.dc.service.impl.SendEventImpl] - Connect Failed",1+,2
56478,"E2E:2018-12-25 20:15:55,616 ERROR [com.e2e.dc.service.impl.SendEventImpl] - Connect Failed",1+,2
56479,"E2E:2018-12-25 20:16:10,057 ERROR [com.e2e.dc.service.impl.SendEventImpl] - Connect Failed",1+,2
56480,"E2E:2018-12-25 20:16:38,427 ERROR [com.e2e.dc.service.impl.SendEventImpl] - Connect Failed",1+,2
56481,"E2E:2018-12-25 20:16:12,242 ERROR [com.e2e.dc.service.impl.SendEventImpl] - Connect Failed",1+,2
56482,"E2E:2018-12-25 20:16:43,954 ERROR [com.e2e.dc.service.impl.SendEventImpl] - Connect Failed",1+,2
56483,"E2E:2018-12-25 20:15:38,424 ERROR [com.e2e.dc.service.impl.SendEventImpl] - Connect Failed",1+,2
56484,"E2E:2018-12-25 20:17:10,238 ERROR [com.e2e.dc.service.impl.SendEventImpl] - Connect Failed",1+,2
56485,"E2E:2018-12-25 20:17:10,059 ERROR [com.e2e.dc.service.impl.SendEventImpl] - Connect Failed",1+,2
56486,"E2E:2018-12-25 20:15:25,615 ERROR [com.e2e.dc.service.impl.SendEventImpl] - Connect Failed",1+,2
56487,"E2E:2018-12-25 20:15:42,240 ERROR [com.e2e.dc.service.impl.SendEventImpl] - Connect Failed",1+,2
56488,"E2E:2018-12-25 20:15:40,056 ERROR [com.e2e.dc.service.impl.SendEventImpl] - Connect Failed",1+,2
56489,"E2E:2018-12-25 20:16:40,058 ERROR [com.e2e.dc.service.impl.SendEventImpl] - Connect Failed",1+,2
56490,"E2E:2018-12-25 20:16:08,425 ERROR [com.e2e.dc.service.impl.SendEventImpl] - Connect Failed",1+,2
56491,"E2E:2018-12-25 20:16:13,952 ERROR [com.e2e.dc.service.impl.SendEventImpl] - Connect Failed",1+,2
56492,"E2E:2018-12-25 20:17:08,428 ERROR [com.e2e.dc.service.impl.SendEventImpl] - Connect Failed",1+,2
56493,"E2E:2018-12-25 20:17:13,955 ERROR [com.e2e.dc.service.impl.SendEventImpl] - Connect Failed",1+,2
56494,"E2E:2018-12-25 20:15:43,951 ERROR [com.e2e.dc.service.impl.SendEventImpl] - Connect Failed",1+,2
56495,"E2E:2018-12-25 20:14:12,235 ERROR [com.e2e.dc.service.impl.SendEventImpl] - Connect Failed",1+,2
56496,"E2E:2018-12-25 20:13:40,229 ERROR [com.e2e.dc.service.impl.SendEventImpl] - Connect Failed",1+,2
56497,"E2E:2018-12-25 20:13:42,234 ERROR [com.e2e.dc.service.impl.SendEventImpl] - Connect Failed",1+,2
56498,"E2E:2018-12-25 20:15:17,258 ERROR [com.e2e.dc.service.impl.SendEventImpl] - Connect Failed",1+,2
56499,"E2E:2018-12-25 20:15:13,950 ERROR [com.e2e.dc.service.impl.SendEventImpl] - Connect Failed",1+,2
56500,"E2E:2018-12-25 20:14:10,230 ERROR [com.e2e.dc.service.impl.SendEventImpl] - Connect Failed",1+,2
56501,"E2E:2018-12-25 20:13:40,050 ERROR [com.e2e.dc.service.impl.SendEventImpl] - Connect Failed",1+,2
56502,"E2E:2018-12-25 20:13:43,945 ERROR [com.e2e.dc.service.impl.SendEventImpl] - Connect Failed",1+,2
56503,"E2E:2018-12-25 20:14:55,613 ERROR [com.e2e.dc.service.impl.SendEventImpl] - Connect Failed",1+,2
56504,"E2E:2018-12-25 20:15:10,233 ERROR [com.e2e.dc.service.impl.SendEventImpl] - Connect Failed",1+,2
56505,"E2E:2018-12-25 20:14:43,948 ERROR [com.e2e.dc.service.impl.SendEventImpl] - Connect Failed",1+,2
56506,"E2E:2018-12-25 20:14:17,255 ERROR [com.e2e.dc.service.impl.SendEventImpl] - Connect Failed",1+,2
56507,"E2E:2018-12-25 20:13:55,610 ERROR [com.e2e.dc.service.impl.SendEventImpl] - Connect Failed",1+,2
56508,"E2E:2018-12-25 20:14:13,947 ERROR [com.e2e.dc.service.impl.SendEventImpl] - Connect Failed",1+,2
56509,"E2E:2018-12-25 20:15:10,054 ERROR [com.e2e.dc.service.impl.SendEventImpl] - Connect Failed",1+,2
56510,"E2E:2018-12-25 20:14:42,237 ERROR [com.e2e.dc.service.impl.SendEventImpl] - Connect Failed",1+,2
56511,"E2E:2018-12-25 20:15:12,238 ERROR [com.e2e.dc.service.impl.SendEventImpl] - Connect Failed",1+,2
56512,"E2E:2018-12-25 20:13:47,254 ERROR [com.e2e.dc.service.impl.SendEventImpl] - Connect Failed",1+,2
56513,"E2E:2018-12-25 20:14:47,256 ERROR [com.e2e.dc.service.impl.SendEventImpl] - Connect Failed",1+,2
56514,"E2E:2018-12-25 20:14:08,419 ERROR [com.e2e.dc.service.impl.SendEventImpl] - Connect Failed",1+,2
56515,"E2E:2018-12-25 20:14:40,053 ERROR [com.e2e.dc.service.impl.SendEventImpl] - Connect Failed",1+,2
56516,"E2E:2018-12-25 20:14:25,612 ERROR [com.e2e.dc.service.impl.SendEventImpl] - Connect Failed",1+,2
56517,"E2E:2018-12-25 20:14:10,051 ERROR [com.e2e.dc.service.impl.SendEventImpl] - Connect Failed",1+,2
56518,"E2E:2018-12-25 20:14:38,421 ERROR [com.e2e.dc.service.impl.SendEventImpl] - Connect Failed",1+,2
56519,"E2E:2018-12-25 20:14:40,232 ERROR [com.e2e.dc.service.impl.SendEventImpl] - Connect Failed",1+,2
56520,"E2E:2018-12-25 20:13:38,418 ERROR [com.e2e.dc.service.impl.SendEventImpl] - Connect Failed",1+,2
56521,"E2E:2018-12-25 20:15:08,422 ERROR [com.e2e.dc.service.impl.SendEventImpl] - Connect Failed",1+,2
56522,"E2E:2018-12-25 20:13:25,609 ERROR [com.e2e.dc.service.impl.SendEventImpl] - Connect Failed",1+,2
56523,"E2E:2018-12-25 20:11:38,412 ERROR [com.e2e.dc.service.impl.SendEventImpl] - Connect Failed",1+,2
56524,"E2E:2018-12-25 20:12:40,048 ERROR [com.e2e.dc.service.impl.SendEventImpl] - Connect Failed",1+,2
56525,"E2E:2018-12-25 20:11:25,603 ERROR [com.e2e.dc.service.impl.SendEventImpl] - Connect Failed",1+,2
56526,"E2E:2018-12-25 20:11:43,939 ERROR [com.e2e.dc.service.impl.SendEventImpl] - Connect Failed",1+,2
56527,"E2E:2018-12-25 20:12:10,225 ERROR [com.e2e.dc.service.impl.SendEventImpl] - Connect Failed",1+,2
56528,"E2E:2018-12-25 20:12:12,229 ERROR [com.e2e.dc.service.impl.SendEventImpl] - Connect Failed",1+,2
56529,"E2E:2018-12-25 20:12:13,941 ERROR [com.e2e.dc.service.impl.SendEventImpl] - Connect Failed",1+,2
56530,"E2E:2018-12-25 20:13:08,416 ERROR [com.e2e.dc.service.impl.SendEventImpl] - Connect Failed",1+,2
56531,"E2E:2018-12-25 20:12:10,047 ERROR [com.e2e.dc.service.impl.SendEventImpl] - Connect Failed",1+,2
56532,"E2E:2018-12-25 20:13:13,943 ERROR [com.e2e.dc.service.impl.SendEventImpl] - Connect Failed",1+,2
56533,"E2E:2018-12-25 20:12:55,607 ERROR [com.e2e.dc.service.impl.SendEventImpl] - Connect Failed",1+,2
56534,"E2E:2018-12-25 20:13:17,252 ERROR [com.e2e.dc.service.impl.SendEventImpl] - Connect Failed",1+,2
56535,"E2E:2018-12-25 20:11:40,217 ERROR [com.e2e.dc.service.impl.SendEventImpl] - Connect Failed",1+,2
56536,"E2E:2018-12-25 20:11:55,604 ERROR [com.e2e.dc.service.impl.SendEventImpl] - Connect Failed",1+,2
56537,"E2E:2018-12-25 20:11:42,227 ERROR [com.e2e.dc.service.impl.SendEventImpl] - Connect Failed",1+,2
56538,"E2E:2018-12-25 20:12:08,413 ERROR [com.e2e.dc.service.impl.SendEventImpl] - Connect Failed",1+,2
56539,"E2E:2018-12-25 20:12:43,942 ERROR [com.e2e.dc.service.impl.SendEventImpl] - Connect Failed",1+,2
56540,"E2E:2018-12-25 20:11:47,249 ERROR [com.e2e.dc.service.impl.SendEventImpl] - Connect Failed",1+,2
56541,"E2E:2018-12-25 20:12:42,230 ERROR [com.e2e.dc.service.impl.SendEventImpl] - Connect Failed",1+,2
56542,"E2E:2018-12-25 20:12:25,606 ERROR [com.e2e.dc.service.impl.SendEventImpl] - Connect Failed",1+,2
56543,"E2E:2018-12-25 20:13:12,232 ERROR [com.e2e.dc.service.impl.SendEventImpl] - Connect Failed",1+,2
56544,"E2E:2018-12-25 20:11:40,045 ERROR [com.e2e.dc.service.impl.SendEventImpl] - Connect Failed",1+,2
56545,"E2E:2018-12-25 20:12:38,415 ERROR [com.e2e.dc.service.impl.SendEventImpl] - Connect Failed",1+,2
56546,"E2E:2018-12-25 20:12:47,251 ERROR [com.e2e.dc.service.impl.SendEventImpl] - Connect Failed",1+,2
56547,"E2E:2018-12-25 20:12:17,250 ERROR [com.e2e.dc.service.impl.SendEventImpl] - Connect Failed",1+,2
56548,"E2E:2018-12-25 20:13:10,227 ERROR [com.e2e.dc.service.impl.SendEventImpl] - Connect Failed",1+,2
56549,"E2E:2018-12-25 20:13:10,049 ERROR [com.e2e.dc.service.impl.SendEventImpl] - Connect Failed",1+,2
56550,"E2E:2018-12-25 20:12:40,226 ERROR [com.e2e.dc.service.impl.SendEventImpl] - Connect Failed",1+,2
56551,"E2E:2018-12-25 20:11:17,247 ERROR [com.e2e.dc.service.impl.SendEventImpl] - Connect Failed",1+,2
56552,"E2E:2018-12-25 20:10:25,600 ERROR [com.e2e.dc.service.impl.SendEventImpl] - Connect Failed",1+,2
56553,"E2E:2018-12-25 20:11:10,216 ERROR [com.e2e.dc.service.impl.SendEventImpl] - Connect Failed",1+,2
56554,"E2E:2018-12-25 20:11:12,225 ERROR [com.e2e.dc.service.impl.SendEventImpl] - Connect Failed",1+,2
56555,"E2E:2018-12-25 20:10:38,408 ERROR [com.e2e.dc.service.impl.SendEventImpl] - Connect Failed",1+,2
56556,"E2E:2018-12-25 20:09:55,598 ERROR [com.e2e.dc.service.impl.SendEventImpl] - Connect Failed",1+,2
56557,"E2E:2018-12-25 20:09:38,405 ERROR [com.e2e.dc.service.impl.SendEventImpl] - Connect Failed",1+,2
56558,"E2E:2018-12-25 20:10:10,213 ERROR [com.e2e.dc.service.impl.SendEventImpl] - Connect Failed",1+,2
56559,"E2E:2018-12-25 20:10:08,407 ERROR [com.e2e.dc.service.impl.SendEventImpl] - Connect Failed",1+,2
56560,"E2E:2018-12-25 20:10:40,043 ERROR [com.e2e.dc.service.impl.SendEventImpl] - Connect Failed",1+,2
56561,"E2E:2018-12-25 20:10:55,601 ERROR [com.e2e.dc.service.impl.SendEventImpl] - Connect Failed",1+,2
56562,"E2E:2018-12-25 20:10:17,245 ERROR [com.e2e.dc.service.impl.SendEventImpl] - Connect Failed",1+,2
56563,"E2E:2018-12-25 20:11:08,410 ERROR [com.e2e.dc.service.impl.SendEventImpl] - Connect Failed",1+,2
56564,"E2E:2018-12-25 20:09:42,220 ERROR [com.e2e.dc.service.impl.SendEventImpl] - Connect Failed",1+,2
56565,"E2E:2018-12-25 20:10:40,214 ERROR [com.e2e.dc.service.impl.SendEventImpl] - Connect Failed",1+,2
56566,"E2E:2018-12-25 20:10:13,935 ERROR [com.e2e.dc.service.impl.SendEventImpl] - Connect Failed",1+,2
56567,"E2E:2018-12-25 20:10:43,936 ERROR [com.e2e.dc.service.impl.SendEventImpl] - Connect Failed",1+,2
56568,"E2E:2018-12-25 20:11:13,938 ERROR [com.e2e.dc.service.impl.SendEventImpl] - Connect Failed",1+,2
56569,"E2E:2018-12-25 20:11:10,044 ERROR [com.e2e.dc.service.impl.SendEventImpl] - Connect Failed",1+,2
56570,"E2E:2018-12-25 20:09:40,040 ERROR [com.e2e.dc.service.impl.SendEventImpl] - Connect Failed",1+,2
56571,"E2E:2018-12-25 20:09:25,596 ERROR [com.e2e.dc.service.impl.SendEventImpl] - Connect Failed",1+,2
56572,"E2E:2018-12-25 20:10:12,222 ERROR [com.e2e.dc.service.impl.SendEventImpl] - Connect Failed",1+,2
56573,"E2E:2018-12-25 20:10:42,223 ERROR [com.e2e.dc.service.impl.SendEventImpl] - Connect Failed",1+,2
56574,"E2E:2018-12-25 20:09:47,244 ERROR [com.e2e.dc.service.impl.SendEventImpl] - Connect Failed",1+,2
56575,"E2E:2018-12-25 20:10:47,246 ERROR [com.e2e.dc.service.impl.SendEventImpl] - Connect Failed",1+,2
56576,"E2E:2018-12-25 20:10:10,042 ERROR [com.e2e.dc.service.impl.SendEventImpl] - Connect Failed",1+,2
56577,"E2E:2018-12-25 20:09:40,212 ERROR [com.e2e.dc.service.impl.SendEventImpl] - Connect Failed",1+,2
56578,"E2E:2018-12-25 20:09:43,933 ERROR [com.e2e.dc.service.impl.SendEventImpl] - Connect Failed",1+,2
56579,"E2E:2018-12-25 20:08:43,930 ERROR [com.e2e.dc.service.impl.SendEventImpl] - Connect Failed",1+,2
56580,"E2E:2018-12-25 20:07:43,927 ERROR [com.e2e.dc.service.impl.SendEventImpl] - Connect Failed",1+,2
56581,"E2E:2018-12-25 20:08:25,593 ERROR [com.e2e.dc.service.impl.SendEventImpl] - Connect Failed",1+,2
56582,"E2E:2018-12-25 20:09:13,931 ERROR [com.e2e.dc.service.impl.SendEventImpl] - Connect Failed",1+,2
56583,"E2E:2018-12-25 20:07:38,399 ERROR [com.e2e.dc.service.impl.SendEventImpl] - Connect Failed",1+,2
56584,"E2E:2018-12-25 20:08:13,928 ERROR [com.e2e.dc.service.impl.SendEventImpl] - Connect Failed",1+,2
56585,"E2E:2018-12-25 20:08:55,595 ERROR [com.e2e.dc.service.impl.SendEventImpl] - Connect Failed",1+,2
56586,"E2E:2018-12-25 20:09:17,243 ERROR [com.e2e.dc.service.impl.SendEventImpl] - Connect Failed",1+,2
56587,"E2E:2018-12-25 20:07:25,590 ERROR [com.e2e.dc.service.impl.SendEventImpl] - Connect Failed",1+,2
56588,"E2E:2018-12-25 20:07:40,035 ERROR [com.e2e.dc.service.impl.SendEventImpl] - Connect Failed",1+,2
56589,"E2E:2018-12-25 20:08:12,214 ERROR [com.e2e.dc.service.impl.SendEventImpl] - Connect Failed",1+,2
56590,"E2E:2018-12-25 20:08:42,215 ERROR [com.e2e.dc.service.impl.SendEventImpl] - Connect Failed",1+,2
56591,"E2E:2018-12-25 20:09:12,217 ERROR [com.e2e.dc.service.impl.SendEventImpl] - Connect Failed",1+,2
56592,"E2E:2018-12-25 20:08:17,240 ERROR [com.e2e.dc.service.impl.SendEventImpl] - Connect Failed",1+,2
56593,"E2E:2018-12-25 20:07:42,212 ERROR [com.e2e.dc.service.impl.SendEventImpl] - Connect Failed",1+,2
56594,"E2E:2018-12-25 20:09:10,210 ERROR [com.e2e.dc.service.impl.SendEventImpl] - Connect Failed",1+,2
56595,"E2E:2018-12-25 20:08:08,401 ERROR [com.e2e.dc.service.impl.SendEventImpl] - Connect Failed",1+,2
56596,"E2E:2018-12-25 20:09:10,039 ERROR [com.e2e.dc.service.impl.SendEventImpl] - Connect Failed",1+,2
56597,"E2E:2018-12-25 20:08:10,036 ERROR [com.e2e.dc.service.impl.SendEventImpl] - Connect Failed",1+,2
56598,"E2E:2018-12-25 20:08:38,402 ERROR [com.e2e.dc.service.impl.SendEventImpl] - Connect Failed",1+,2
56599,"E2E:2018-12-25 20:07:55,592 ERROR [com.e2e.dc.service.impl.SendEventImpl] - Connect Failed",1+,2
56600,"E2E:2018-12-25 20:08:40,038 ERROR [com.e2e.dc.service.impl.SendEventImpl] - Connect Failed",1+,2
56601,"E2E:2018-12-25 20:07:47,239 ERROR [com.e2e.dc.service.impl.SendEventImpl] - Connect Failed",1+,2
56602,"E2E:2018-12-25 20:08:47,241 ERROR [com.e2e.dc.service.impl.SendEventImpl] - Connect Failed",1+,2
56603,"E2E:2018-12-25 20:09:08,404 ERROR [com.e2e.dc.service.impl.SendEventImpl] - Connect Failed",1+,2
56604,"E2E:2018-12-25 20:07:18,477 ERROR - [data.proc.main] thread 'data.proc.main' error, error occurs when sql running.",10+,9
56605,"E2E:2018-12-25 20:07:17,971 ERROR - [data.proc.output_rrtview] thread 'data.proc.output_rrtview' error, error occurs when sql running.",10+,9
56606,"E2E:2018-12-25 20:07:18,407 ERROR - [data.proc.get.SystemTxindView] 应锟矫筹拷锟斤拷锟斤拷锟斤拷锟斤拷锟斤拷锟杰斤拷锟斤拷锟斤拷锟接★拷",10+,9
56607,"E2E:2018-12-25 20:07:18,407 ERROR - [data.proc.get.SystemTxindView] thread 'data.proc.get.SystemTxindView' error, error occurs when sql running.",10+,9
56608,"E2E:2018-12-25 20:07:17,962 ERROR - [data.proc.output_bigview] thread 'data.proc.output_bigview' error, error occurs when sql running.",10+,9
56609,"E2E:2018-12-25 20:07:17,970 ERROR - [data.proc.output_rrtview] 应锟矫筹拷锟斤拷锟斤拷锟斤拷锟斤拷锟斤拷锟杰斤拷锟斤拷锟斤拷锟接★拷",10+,9
56610,"E2E:2018-12-25 20:07:17,962 ERROR - [data.proc.output_bigview] 应锟矫筹拷锟斤拷锟斤拷锟斤拷锟斤拷锟斤拷锟杰斤拷锟斤拷锟斤拷锟接★拷",10+,9
56611,"E2E:2018-12-25 20:07:17,927 ERROR - [data.proc.baseline_AGGRE_18_30] thread 'data.proc.baseline_AGGRE_18_30' error, error occurs when sql running.",10+,9
56612,"E2E:2018-12-25 20:07:17,955 ERROR - [data.proc.convertRRT] 应锟矫筹拷锟斤拷锟斤拷锟斤拷锟斤拷锟斤拷锟杰斤拷锟斤拷锟斤拷锟接★拷",10+,9
56613,"E2E:2018-12-25 20:07:18,477 ERROR - [data.proc.main] 应锟矫筹拷锟斤拷锟斤拷锟斤拷锟斤拷锟斤拷锟杰斤拷锟斤拷锟斤拷锟接★拷",10+,9
56614,"E2E:2018-12-25 20:07:17,955 ERROR - [data.proc.convertRRT] thread 'data.proc.convertRRT' error, error occurs when sql running.",10+,9
56615,"E2E:2018-12-25 20:06:47,236 ERROR [com.e2e.dc.service.impl.SendEventImpl] - Connect Failed",1+,2
56616,"E2E:2018-12-25 20:05:47,234 ERROR [com.e2e.dc.service.impl.SendEventImpl] - Connect Failed",1+,2
56617,"E2E:2018-12-25 20:06:13,922 ERROR [com.e2e.dc.service.impl.SendEventImpl] - Connect Failed",1+,2
56618,"E2E:2018-12-25 20:06:42,208 ERROR [com.e2e.dc.service.impl.SendEventImpl] - Connect Failed",1+,2
56619,"E2E:2018-12-25 20:07:08,398 ERROR [com.e2e.dc.service.impl.SendEventImpl] - Connect Failed",1+,2
56620,"E2E:2018-12-25 20:07:10,034 ERROR [com.e2e.dc.service.impl.SendEventImpl] - Connect Failed",1+,2
56621,"E2E:2018-12-25 20:07:13,925 ERROR [com.e2e.dc.service.impl.SendEventImpl] - Connect Failed",1+,2
56622,"E2E:2018-12-25 20:05:38,393 ERROR [com.e2e.dc.service.impl.SendEventImpl] - Connect Failed",1+,2
56623,"E2E:2018-12-25 20:06:17,235 ERROR [com.e2e.dc.service.impl.SendEventImpl] - Connect Failed",1+,2
56624,"E2E:2018-12-25 20:05:25,584 ERROR [com.e2e.dc.service.impl.SendEventImpl] - Connect Failed",1+,2
56625,"E2E:2018-12-25 20:06:55,589 ERROR [com.e2e.dc.service.impl.SendEventImpl] - Connect Failed",1+,2
56626,"E2E:2018-12-25 20:06:43,923 ERROR [com.e2e.dc.service.impl.SendEventImpl] - Connect Failed",1+,2
56627,"E2E:2018-12-25 20:06:25,587 ERROR [com.e2e.dc.service.impl.SendEventImpl] - Connect Failed",1+,2
56628,"E2E:2018-12-25 20:05:42,205 ERROR [com.e2e.dc.service.impl.SendEventImpl] - Connect Failed",1+,2
56629,"E2E:2018-12-25 20:06:40,032 ERROR [com.e2e.dc.service.impl.SendEventImpl] - Connect Failed",1+,2
56630,"E2E:2018-12-25 20:06:10,031 ERROR [com.e2e.dc.service.impl.SendEventImpl] - Connect Failed",1+,2
56631,"E2E:2018-12-25 20:05:43,880 ERROR [com.e2e.dc.service.impl.SendEventImpl] - Connect Failed",1+,2
56632,"E2E:2018-12-25 20:05:40,030 ERROR [com.e2e.dc.service.impl.SendEventImpl] - Connect Failed",1+,2
56633,"E2E:2018-12-25 20:07:17,238 ERROR [com.e2e.dc.service.impl.SendEventImpl] - Connect Failed",1+,2
56634,"E2E:2018-12-25 20:05:55,586 ERROR [com.e2e.dc.service.impl.SendEventImpl] - Connect Failed",1+,2
56635,"E2E:2018-12-25 20:06:38,396 ERROR [com.e2e.dc.service.impl.SendEventImpl] - Connect Failed",1+,2
56636,"E2E:2018-12-25 20:07:12,210 ERROR [com.e2e.dc.service.impl.SendEventImpl] - Connect Failed",1+,2
56637,"E2E:2018-12-25 20:06:08,395 ERROR [com.e2e.dc.service.impl.SendEventImpl] - Connect Failed",1+,2
56638,"E2E:2018-12-25 20:06:12,207 ERROR [com.e2e.dc.service.impl.SendEventImpl] - Connect Failed",1+,2
56639,"E2E:2018-12-25 20:05:10,029 ERROR [com.e2e.dc.service.impl.SendEventImpl] - Connect Failed",1+,2
56640,"E2E:2018-12-25 20:04:43,877 ERROR [com.e2e.dc.service.impl.SendEventImpl] - Connect Failed",1+,2
56641,"E2E:2018-12-25 20:04:55,583 ERROR [com.e2e.dc.service.impl.SendEventImpl] - Connect Failed",1+,2
56642,"E2E:2018-12-25 20:05:12,200 ERROR [com.e2e.dc.service.impl.SendEventImpl] - Connect Failed",1+,2
56643,"E2E:2018-12-25 20:03:55,579 ERROR [com.e2e.dc.service.impl.SendEventImpl] - Connect Failed",1+,2
56644,"E2E:2018-12-25 20:04:38,390 ERROR [com.e2e.dc.service.impl.SendEventImpl] - Connect Failed",1+,2
56645,"E2E:2018-12-25 20:04:13,875 ERROR [com.e2e.dc.service.impl.SendEventImpl] - Connect Failed",1+,2
56646,"E2E:2018-12-25 20:04:08,388 ERROR [com.e2e.dc.service.impl.SendEventImpl] - Connect Failed",1+,2
56647,"E2E:2018-12-25 20:05:17,233 ERROR [com.e2e.dc.service.impl.SendEventImpl] - Connect Failed",1+,2
56648,"E2E:2018-12-25 20:03:43,874 ERROR [com.e2e.dc.service.impl.SendEventImpl] - Connect Failed",1+,2
56649,"E2E:2018-12-25 20:05:08,391 ERROR [com.e2e.dc.service.impl.SendEventImpl] - Connect Failed",1+,2
56650,"E2E:2018-12-25 20:04:17,231 ERROR [com.e2e.dc.service.impl.SendEventImpl] - Connect Failed",1+,2
56651,"E2E:2018-12-25 20:03:25,578 ERROR [com.e2e.dc.service.impl.SendEventImpl] - Connect Failed",1+,2
56652,"E2E:2018-12-25 20:04:47,232 ERROR [com.e2e.dc.service.impl.SendEventImpl] - Connect Failed",1+,2
56653,"E2E:2018-12-25 20:04:25,581 ERROR [com.e2e.dc.service.impl.SendEventImpl] - Connect Failed",1+,2
56654,"E2E:2018-12-25 20:03:38,387 ERROR [com.e2e.dc.service.impl.SendEventImpl] - Connect Failed",1+,2
56655,"E2E:2018-12-25 20:04:10,026 ERROR [com.e2e.dc.service.impl.SendEventImpl] - Connect Failed",1+,2
56656,"E2E:2018-12-25 20:04:42,193 ERROR [com.e2e.dc.service.impl.SendEventImpl] - Connect Failed",1+,2
56657,"E2E:2018-12-25 20:04:40,027 ERROR [com.e2e.dc.service.impl.SendEventImpl] - Connect Failed",1+,2
56658,"E2E:2018-12-25 20:03:42,190 ERROR [com.e2e.dc.service.impl.SendEventImpl] - Connect Failed",1+,2
56659,"E2E:2018-12-25 20:03:47,229 ERROR [com.e2e.dc.service.impl.SendEventImpl] - Connect Failed",1+,2
56660,"E2E:2018-12-25 20:05:13,878 ERROR [com.e2e.dc.service.impl.SendEventImpl] - Connect Failed",1+,2
56661,"E2E:2018-12-25 20:03:40,025 ERROR [com.e2e.dc.service.impl.SendEventImpl] - Connect Failed",1+,2
56662,"E2E:2018-12-25 20:04:12,191 ERROR [com.e2e.dc.service.impl.SendEventImpl] - Connect Failed",1+,2
56663,"E2E:2018-12-25 20:02:10,021 ERROR [com.e2e.dc.service.impl.SendEventImpl] - Connect Failed",1+,2
56664,"E2E:2018-12-25 20:01:43,868 ERROR [com.e2e.dc.service.impl.SendEventImpl] - Connect Failed",1+,2
56665,"E2E:2018-12-25 20:02:38,384 ERROR [com.e2e.dc.service.impl.SendEventImpl] - Connect Failed",1+,2
56666,"E2E:2018-12-25 20:01:38,381 ERROR [com.e2e.dc.service.impl.SendEventImpl] - Connect Failed",1+,2
56667,"E2E:2018-12-25 20:02:47,227 ERROR [com.e2e.dc.service.impl.SendEventImpl] - Connect Failed",1+,2
56668,"E2E:2018-12-25 20:02:08,382 ERROR [com.e2e.dc.service.impl.SendEventImpl] - Connect Failed",1+,2
56669,"E2E:2018-12-25 20:03:08,385 ERROR [com.e2e.dc.service.impl.SendEventImpl] - Connect Failed",1+,2
56670,"E2E:2018-12-25 20:01:47,220 ERROR [com.e2e.dc.service.impl.SendEventImpl] - Connect Failed",1+,2
56671,"E2E:2018-12-25 20:02:25,575 ERROR [com.e2e.dc.service.impl.SendEventImpl] - Connect Failed",1+,2
56672,"E2E:2018-12-25 20:01:25,572 ERROR [com.e2e.dc.service.impl.SendEventImpl] - Connect Failed",1+,2
56673,"E2E:2018-12-25 20:02:13,870 ERROR [com.e2e.dc.service.impl.SendEventImpl] - Connect Failed",1+,2
56674,"E2E:2018-12-25 20:03:17,228 ERROR [com.e2e.dc.service.impl.SendEventImpl] - Connect Failed",1+,2
56675,"E2E:2018-12-25 20:03:10,023 ERROR [com.e2e.dc.service.impl.SendEventImpl] - Connect Failed",1+,2
56676,"E2E:2018-12-25 20:02:43,871 ERROR [com.e2e.dc.service.impl.SendEventImpl] - Connect Failed",1+,2
56677,"E2E:2018-12-25 20:02:55,577 ERROR [com.e2e.dc.service.impl.SendEventImpl] - Connect Failed",1+,2
56678,"E2E:2018-12-25 20:03:12,189 ERROR [com.e2e.dc.service.impl.SendEventImpl] - Connect Failed",1+,2
56679,"E2E:2018-12-25 20:02:42,187 ERROR [com.e2e.dc.service.impl.SendEventImpl] - Connect Failed",1+,2
56680,"E2E:2018-12-25 20:01:40,020 ERROR [com.e2e.dc.service.impl.SendEventImpl] - Connect Failed",1+,2
56681,"E2E:2018-12-25 20:02:40,022 ERROR [com.e2e.dc.service.impl.SendEventImpl] - Connect Failed",1+,2
56682,"E2E:2018-12-25 20:01:55,574 ERROR [com.e2e.dc.service.impl.SendEventImpl] - Connect Failed",1+,2
56683,"E2E:2018-12-25 20:03:13,872 ERROR [com.e2e.dc.service.impl.SendEventImpl] - Connect Failed",1+,2
56684,"E2E:2018-12-25 20:02:17,226 ERROR [com.e2e.dc.service.impl.SendEventImpl] - Connect Failed",1+,2
56685,"E2E:2018-12-25 20:01:10,018 ERROR [com.e2e.dc.service.impl.SendEventImpl] - Connect Failed",1+,2
56686,"E2E:2018-12-25 20:00:17,216 ERROR [com.e2e.dc.service.impl.SendEventImpl] - Connect Failed",1+,2
56687,"E2E:2018-12-25 20:00:38,378 ERROR [com.e2e.dc.service.impl.SendEventImpl] - Connect Failed",1+,2
56688,"E2E:2018-12-25 20:00:10,016 ERROR [com.e2e.dc.service.impl.SendEventImpl] - Connect Failed",1+,2
56689,"E2E:2018-12-25 19:59:38,375 ERROR [com.e2e.dc.service.impl.SendEventImpl] - Connect Failed",1+,2
56690,"E2E:2018-12-25 20:00:08,376 ERROR [com.e2e.dc.service.impl.SendEventImpl] - Connect Failed",1+,2
56691,"E2E:2018-12-25 20:00:55,570 ERROR [com.e2e.dc.service.impl.SendEventImpl] - Connect Failed",1+,2
56692,"E2E:2018-12-25 20:00:13,864 ERROR [com.e2e.dc.service.impl.SendEventImpl] - Connect Failed",1+,2
56693,"E2E:2018-12-25 19:59:25,566 ERROR [com.e2e.dc.service.impl.SendEventImpl] - Connect Failed",1+,2
56694,"E2E:2018-12-25 20:00:43,865 ERROR [com.e2e.dc.service.impl.SendEventImpl] - Connect Failed",1+,2
56695,"E2E:2018-12-25 19:59:47,215 ERROR [com.e2e.dc.service.impl.SendEventImpl] - Connect Failed",1+,2
56696,"E2E:2018-12-25 20:00:40,017 ERROR [com.e2e.dc.service.impl.SendEventImpl] - Connect Failed",1+,2
56697,"E2E:2018-12-25 20:00:47,217 ERROR [com.e2e.dc.service.impl.SendEventImpl] - Connect Failed",1+,2
56698,"E2E:2018-12-25 20:01:08,379 ERROR [com.e2e.dc.service.impl.SendEventImpl] - Connect Failed",1+,2
56699,"E2E:2018-12-25 20:01:17,218 ERROR [com.e2e.dc.service.impl.SendEventImpl] - Connect Failed",1+,2
56700,"E2E:2018-12-25 20:00:25,569 ERROR [com.e2e.dc.service.impl.SendEventImpl] - Connect Failed",1+,2
56701,"E2E:2018-12-25 19:59:55,568 ERROR [com.e2e.dc.service.impl.SendEventImpl] - Connect Failed",1+,2
56702,"E2E:2018-12-25 19:59:40,015 ERROR [com.e2e.dc.service.impl.SendEventImpl] - Connect Failed",1+,2
56703,"E2E:2018-12-25 20:01:13,867 ERROR [com.e2e.dc.service.impl.SendEventImpl] - Connect Failed",1+,2
56704,"E2E:2018-12-25 19:59:43,863 ERROR [com.e2e.dc.service.impl.SendEventImpl] - Connect Failed",1+,2
56705,"E2E:2018-12-25 19:57:55,561 ERROR [com.e2e.dc.service.impl.SendEventImpl] - Connect Failed",1+,2
56706,"E2E:2018-12-25 19:59:13,858 ERROR [com.e2e.dc.service.impl.SendEventImpl] - Connect Failed",1+,2
56707,"E2E:2018-12-25 19:58:25,563 ERROR [com.e2e.dc.service.impl.SendEventImpl] - Connect Failed",1+,2
56708,"E2E:2018-12-25 19:57:47,196 ERROR [com.e2e.dc.service.impl.SendEventImpl] - Connect Failed",1+,2
56709,"E2E:2018-12-25 19:57:25,560 ERROR [com.e2e.dc.service.impl.SendEventImpl] - Connect Failed",1+,2
56710,"E2E:2018-12-25 19:58:47,198 ERROR [com.e2e.dc.service.impl.SendEventImpl] - Connect Failed",1+,2
56711,"E2E:2018-12-25 19:57:40,009 ERROR [com.e2e.dc.service.impl.SendEventImpl] - Connect Failed",1+,2
56712,"E2E:2018-12-25 19:58:17,197 ERROR [com.e2e.dc.service.impl.SendEventImpl] - Connect Failed",1+,2
56713,"E2E:2018-12-25 19:58:43,857 ERROR [com.e2e.dc.service.impl.SendEventImpl] - Connect Failed",1+,2
56714,"E2E:2018-12-25 19:58:10,011 ERROR [com.e2e.dc.service.impl.SendEventImpl] - Connect Failed",1+,2
56715,"E2E:2018-12-25 19:59:10,013 ERROR [com.e2e.dc.service.impl.SendEventImpl] - Connect Failed",1+,2
56716,"E2E:2018-12-25 19:58:55,565 ERROR [com.e2e.dc.service.impl.SendEventImpl] - Connect Failed",1+,2
56717,"E2E:2018-12-25 19:58:13,855 ERROR [com.e2e.dc.service.impl.SendEventImpl] - Connect Failed",1+,2
56718,"E2E:2018-12-25 19:58:40,012 ERROR [com.e2e.dc.service.impl.SendEventImpl] - Connect Failed",1+,2
56719,"E2E:2018-12-25 19:57:43,854 ERROR [com.e2e.dc.service.impl.SendEventImpl] - Connect Failed",1+,2
56720,"E2E:2018-12-25 19:59:17,213 ERROR [com.e2e.dc.service.impl.SendEventImpl] - Connect Failed",1+,2
56721,"E2E:2018-12-25 19:56:47,193 ERROR [com.e2e.dc.service.impl.SendEventImpl] - Connect Failed",1+,2
56722,"E2E:2018-12-25 19:56:10,005 ERROR [com.e2e.dc.service.impl.SendEventImpl] - Connect Failed",1+,2
56723,"E2E:2018-12-25 19:56:40,006 ERROR [com.e2e.dc.service.impl.SendEventImpl] - Connect Failed",1+,2
56724,"E2E:2018-12-25 19:55:47,191 ERROR [com.e2e.dc.service.impl.SendEventImpl] - Connect Failed",1+,2
56725,"E2E:2018-12-25 19:56:55,558 ERROR [com.e2e.dc.service.impl.SendEventImpl] - Connect Failed",1+,2
56726,"E2E:2018-12-25 19:57:13,852 ERROR [com.e2e.dc.service.impl.SendEventImpl] - Connect Failed",1+,2
56727,"E2E:2018-12-25 19:55:40,003 ERROR [com.e2e.dc.service.impl.SendEventImpl] - Connect Failed",1+,2
56728,"E2E:2018-12-25 19:55:43,848 ERROR [com.e2e.dc.service.impl.SendEventImpl] - Connect Failed",1+,2
56729,"E2E:2018-12-25 19:57:17,194 ERROR [com.e2e.dc.service.impl.SendEventImpl] - Connect Failed",1+,2
56730,"E2E:2018-12-25 19:56:43,851 ERROR [com.e2e.dc.service.impl.SendEventImpl] - Connect Failed",1+,2
56731,"E2E:2018-12-25 19:56:17,192 ERROR [com.e2e.dc.service.impl.SendEventImpl] - Connect Failed",1+,2
56732,"E2E:2018-12-25 19:57:10,007 ERROR [com.e2e.dc.service.impl.SendEventImpl] - Connect Failed",1+,2
56733,"E2E:2018-12-25 19:56:13,850 ERROR [com.e2e.dc.service.impl.SendEventImpl] - Connect Failed",1+,2
56734,15.14.43 J0065076 *IEF099I JOB SQLTMP   WAITING FOR DATA SETS,1+,0
56735,14.14.13 J0057169 *IEF099I JOB DBXZB    WAITING FOR DATA SETS,1+,0
56736,11.28.12 S0092569  DSNB355I  -DP51 DSNB5SCO GROUP BUFFER POOL GBP34 RECOVERY LRSN VALUES MIGHT CAUSE A DELAY IN GRECP RECOVERY. PAGE LEVEL   = 00D56E086CF1E4000000 -                    MEMBER LEVEL = 00D56E09563E8CDD0400 - PAGE LE,10+,8
56737,08.06.28 CP2D S0007542  BSOEXTPDSS0 SEV=WAR CP2C Data Set: SYS0.MLIB.PARMLIB EXTENTS = 16 (Exts > 12),1+,9
56738,05.26.43 J0027995 *IEF099I JOB AXBKOUT  WAITING FOR DATA SETS,1+,0
56739,05.22.18 S0093383  BSSTRGRUPS1 SEV=WAR CP1D SG: SGIMGDP CURRENT: 85.30 [Enabled%Full >= 85],10+,9
56740,05.07.30 J0027290  +DBA:BANCS BIG SEGMENT TS FOUND!TSLMVU HAS 21 DATASETS(MAX 32) SYSJOB,1+,1
56741,05.07.30 J0027290  +DBA:BANCS BIG SEGMENT TS FOUND!TSGPIS HAS 20 DATASETS(MAX 32) SYSJOB,1+,1
56742,05.07.30 J0027290  +DBA:BANCS BIG SEGMENT TS FOUND!TSSPYO HAS 28 DATASETS(MAX 32) SYSJOB,1+,1
56743,05.05.57 J0027290  +DBA:BANCS BIG PARTITION TS FOUND!TSINCT PART 398 85.7% INUSE SYSJOB,1+,6
56744,05.05.51 J0027290  +DBA:BANCS BIG PARTITION TS FOUND!TSINCT PART 328 86.6% INUSE SYSJOB 333 86.4% INUSE,1+,6
56745,05.05.52 J0027290  +DBA:BANCS BIG PARTITION TS FOUND!TSINCT PART 333 86.4% INUSE SYSJOB,1+,6
56746,05.05.53 J0027290  +DBA:BANCS BIG PARTITION TS FOUND!TSINCT PART 338 86.3% INUSE SYSJOB,1+,6
56747,05.05.55 J0027290  +DBA:BANCS BIG PARTITION TS FOUND!TSINCT PART 348 86.9% INUSE SYSJOB,1+,6
56748,05.04.11 J0027348  +DBA:EISS BIG SEGMENT TS FOUND!CGEN245P HAS 24 DATASETS(MAX 32) SYSJOB,1+,1
56749,05.04.11 J0027348  +DBA:EISS BIG SEGMENT TS FOUND!CGEN263P HAS 22 DATASETS(MAX 32) SYSJOB,1+,1
56750,05.04.11 J0027348  +DBA:EISS BIG SEGMENT TS FOUND!CGEN048P HAS 20 DATASETS(MAX 32) SYSJOB,1+,1
56751,05.04.11 J0027348  +DBA:EISS BIG SEGMENT TS FOUND!CGEN050P HAS 21 DATASETS(MAX 32) SYSJOB,1+,1
56752,05.04.11 J0027348  +DBA:EISS BIG SEGMENT TS FOUND!CGEN246P HAS 21 DATASETS(MAX 32) SYSJOB,1+,1
56753,03.09.31 CP3C S0048685  BZTPJSTRCS0 SEV=WAR ALL Jobname: EDGJSLU3 (CondCode > 4) OR (Abend Code <> '')         带库管理软件地址空间及批量备份作业返回码监控,10+,9
56754,03.01.47 S0092559  BZTPJSTRCS0 SEV=WAR ALL Jobname: EDGJSLU1 (CondCode > 4) OR (Abend Code <> '')         带库管理软件地址空间及批量备份作业返回码监控,10+,9
56755,02.38.33 S0093537 *DSNB319A  -DP81 DSNB1CNE THERE IS A SHORTAGE OF SPACE *IN GROUP BUFFER POOL GBP32K1 *IN GROUP BUFFER POOL GBP32K1,1+,8
56756,02.39.46 CP3C S0048685  BZTPJSTRCS0 SEV=WAR ALL Jobname: EDGJSLU3 (CondCode > 4) OR (Abend Code <> '')         带库管理软件地址空间及批量备份作业返回码监控,10+,9
56757,02.39.15 J0024661 *IEF099I JOB G01S506B WAITING FOR DATA SETS,1+,0
56758,02.27.42 J0022234 *IEF099I JOB P1CICSDL WAITING FOR DATA SETS,1+,0
56759,02.15.11 CP3A J0197675 *IEF099I JOB RMFRPTD3 WAITING FOR DATA SETS,1+,0
56760,01.40.54 J0009981 *IEF099I JOB P1ZOSDL  WAITING FOR DATA SETS,1+,0
56761,01.34.24 CP2D J0127843 *IEF099I JOB TMZ60000 WAITING FOR DATA SETS,1+,0
56762,"01.19.57 CP2B           IOS080I 23F9,D3,UMC23500, I/O TIMEOUT INTERVAL HAS BEEN EXCEEDED FOR AN ACTIVE REQUEST. DATASET NAME=PRDDEDPR.SPLIT.JNAL.UPC20065.PR35",1+,4
56763,01.05.02 J0009258 *IEF099I JOB SMFMRGCI WAITING FOR DATA SETS,1+,0
56764,01.05.02 J0009257 *IEF099I JOB SMFMRGDB WAITING FOR DATA SETS,1+,0
56765,01.00.06 CP3D J0188997 *IEF099I JOB SMFMRGOS WAITING FOR DATA SETS,1+,0
56766,01.00.02 J0009221 *IEF099I JOB G01SUOCR WAITING FOR DATA SETS,1+,0
56767,00.37.15 J0005005 *IEF099I JOB SA040000 WAITING FOR DATA SETS,1+,0
56768,00.15.25 CP3D S0166260  DNFO1709E 2018-12-24 16:15:25 BOCOUB DNF_O_FT MSIF transfer service determined that the session for SnF queue \bkchsess_rma\ is no longer - active: -  State or reason  : \Sw.SnF.SessionClosed\ -  Session ID,10+,9
56769,00.15.25 CP3C S0166264  DNFO1709E 2018-12-24 16:15:25 BOCOUB DNF_O_FT MSIF transfer service determined that the session for SnF queue \bkchplpx_rma\ is no longer - active: -  State or reason  : \Sw.SnF.SessionClosed\ -  Session ID,10+,9
56770,00.09.26 CP3D S0166260  DNFO1709E 2018-12-24 16:09:25 BOCOUB DNF_O_FT MSIF transfer service determined that the session for SnF queue \bkchqaqa_rma\ is no longer - active: -  State or reason  : \Sw.SnF.SessionClosed\ -  Session ID,10+,9
56771,"SWIFTNet Connectivity error : <?xml version=""1.0""?>
<SwInt:WaitResponse><SwInt:WaitReference>
        <SwInt:SendReferenceVal>201494</SwInt:SendReferenceVal>
    </SwInt:WaitReference><SwInt:SwiftRequestRef>SNL53057-2018-12-24T16:06:13.22085972.1217069Z</",1000+,9
56772,"SWIFTNet Connectivity error : <?xml version=""1.0""?>
<SwInt:WaitResponse><SwInt:WaitReference>
        <SwInt:SendReferenceVal>201705</SwInt:SendReferenceVal>
    </SwInt:WaitReference><SwInt:SwiftRequestRef>SNL53057-2018-12-24T16:05:10.23462330.1221562Z</",1000+,9
56773,23.56.48 S0093011  DSNR035I  -DP71 DSNRPBCW WARNING - UNCOMMITTED UR AFTER 3 CHECKPOINTS - CORRELATION NAME = ME980000 -           CONNECTION ID  = DB2CALL -           LUWID = BOCHQP.DP71APPL.D56D6C935022 = 174366 -           PLAN,10+,9
56774,23.18.05 J0001864 *IEF099I JOB EC046500 WAITING FOR DATA SETS,1+,0
56775,"E2E:2018-12-24 22:21:13,440 ERROR [com.e2e.dc.service.impl.GetLogDataImpl] - Got SQL exception : java.sql.SQLException: ORA-12592: TNS:bad packet",10+,9
56776,22.20.50 J0193289 *IEF099I JOB G01S663B WAITING FOR DATA SETS,1+,0
56777,21.15.29 J0192620  +DBA:BANCS BIG SEGMENT TS FOUND!TSGPIS HAS 20 DATASETS(MAX 32) SYSJOB,1+,1
56778,21.15.29 J0192620  +DBA:BANCS BIG SEGMENT TS FOUND!TSLMVU HAS 21 DATASETS(MAX 32) SYSJOB,1+,1
56779,21.15.29 J0192620  +DBA:BANCS BIG SEGMENT TS FOUND!TSSPYO HAS 28 DATASETS(MAX 32) SYSJOB,1+,1
56780,21.14.17 J0192620  +DBA:BANCS BIG PARTITION TS FOUND!TSINCT PART 398 85.7% INUSE SYSJOB,1+,6
56781,21.14.13 J0192620  +DBA:BANCS BIG PARTITION TS FOUND!TSINCT PART 333 86.4% INUSE SYSJOB,1+,6
56782,21.14.15 J0192620  +DBA:BANCS BIG PARTITION TS FOUND!TSINCT PART 348 86.9% INUSE SYSJOB,1+,6
56783,21.14.13 J0192620  _DBA:BANCS BIG PARTITION TS FOUND!TSINCT PART 333 86.4% INUSE SYSJOB DP01_CAP3_TO_QMDD_HY1]. The handling of rows that are added or - changed depends on the type of DB2 utility that performed the - data changes and whether the Q subsc,10+,9
56784,21.14.14 J0192620  +DBA:BANCS BIG PARTITION TS FOUND!TSINCT PART 338 86.3% INUSE SYSJOB,1+,6
56785,21.14.14 J0192620  +DBA:BANCS BIG PARTITION TS FOUND!TSINCT PART 343 87.0% INUSE SYSJOB,1+,6
56786,21.14.03 J0192620  +DBA:BANCS BIG PARTITION TS FOUND!TSINCT PART 123 89.1% INUSE SYSJOB,1+,6
56787,21.11.34 J0192688 *IEF099I JOB NA100006 WAITING FOR DATA SETS,1+,0
56788,21.04.10 J0192578  +DBA:EISS BIG SEGMENT TS FOUND!CGEN246P HAS 21 DATASETS(MAX 32) SYSJOB,1+,1
56789,21.04.10 J0192578  +DBA:EISS BIG SEGMENT TS FOUND!CGEN048P HAS 20 DATASETS(MAX 32) SYSJOB,1+,1
56790,21.04.10 J0192578  +DBA:EISS BIG SEGMENT TS FOUND!CGEN245P HAS 24 DATASETS(MAX 32) SYSJOB,1+,1
56791,21.04.10 J0192578  +DBA:EISS BIG SEGMENT TS FOUND!CGEN050P HAS 21 DATASETS(MAX 32) SYSJOB,1+,1
56792,21.04.10 J0192578  +DBA:EISS BIG SEGMENT TS FOUND!CGEN263P HAS 22 DATASETS(MAX 32) SYSJOB,1+,1
56793,16.21.07 CP3C S0048685  BZTPJSTRCS0 SEV=WAR ALL Jobname: EDGJSLU3 (CondCode > 4) OR (Abend Code <> '')         带库管理软件地址空间及批量备份作业返回码监控,10+,9
56794,14.49.26 CP3A S0048551  BZMVJLOOPS0 SEV=WAR CP3B Jobname: BBWEB CURRENT DELAY CPU: 100.00 (%Use+Dly >= 90),10+,9
56795,"12.39.46 S0093009  _EYUPN0005W CIP1MM31 Notify created for SAM, Context=CPLEXBBS, Target=CIP1KT32, Sev=HS, Event=!!SAMMAX, Text=MAXTASK at 12:39:46.",10+,9
56796,08.06.22 CP2D S0007542  BSOEXTPDSS0 SEV=WAR CP2C Data Set: SYS0.MLIB.PARMLIB EXTENTS = 16 (Exts > 12),1+,9
56797,05.22.18 S0093383  BSSTRGRUPS1 SEV=WAR CP1D SG: SGIMGDP CURRENT: 86.40 [Enabled%Full >= 85],10+,9
56798,05.17.13 J0137348 *IEF099I JOB AXBKOUT  WAITING FOR DATA SETS,1+,0
56799,05.06.23 J0137006  +DBA:BANCS BIG SEGMENT TS FOUND!TSLMVU HAS 21 DATASETS(MAX 32) SYSJOB,1+,1
56800,05.06.23 J0137006  +DBA:BANCS BIG SEGMENT TS FOUND!TSSPYO HAS 28 DATASETS(MAX 32) SYSJOB,1+,1
56801,05.06.23 J0137006  +DBA:BANCS BIG SEGMENT TS FOUND!TSGPIS HAS 20 DATASETS(MAX 32) SYSJOB,1+,1
56802,05.05.16 J0137006  +DBA:BANCS BIG PARTITION TS FOUND!TSINCT PART 398 85.7% INUSE SYSJOB,1+,6
56803,05.05.14 J0137006  +DBA:BANCS BIG PARTITION TS FOUND!TSINCT PART 343 87.0% INUSE SYSJOB,1+,6
56804,05.05.14 J0137006  +DBA:BANCS BIG PARTITION TS FOUND!TSINCT PART 338 86.3% INUSE SYSJOB,1+,6
56805,05.05.13 J0137006  +DBA:BANCS BIG PARTITION TS FOUND!TSINCT PART 333 86.4% INUSE SYSJOB,1+,6
56806,05.05.13 J0137006  +DBA:BANCS BIG PARTITION TS FOUND!TSINCT PART 328 86.6% INUSE SYSJOB,1+,6
56807,05.05.05 J0137006  +DBA:BANCS BIG PARTITION TS FOUND!TSINCT PART 123 89.1% INUSE SYSJOB,1+,6
56808,05.04.10 J0137148  +DBA:EISS BIG SEGMENT TS FOUND!CGEN245P HAS 24 DATASETS(MAX 32) SYSJOB,1+,1
56809,05.04.10 J0137148  +DBA:EISS BIG SEGMENT TS FOUND!CGEN246P HAS 21 DATASETS(MAX 32) SYSJOB,1+,1
56810,05.04.10 J0137148  +DBA:EISS BIG SEGMENT TS FOUND!CGEN050P HAS 21 DATASETS(MAX 32) SYSJOB,1+,1
56811,05.04.10 J0137148  +DBA:EISS BIG SEGMENT TS FOUND!CGEN263P HAS 22 DATASETS(MAX 32) SYSJOB,1+,1
56812,05.04.10 J0137148  +DBA:EISS BIG SEGMENT TS FOUND!CGEN048P HAS 20 DATASETS(MAX 32) SYSJOB,1+,1
56813,04.28.03 J0136267 *IEF099I JOB G0FSP050 WAITING FOR DATA SETS,1+,0
56814,"01.56.13 CP2C           IOS080I 4DFB,70,TPC00021, I/O TIMEOUT INTERVAL HAS BEEN EXCEEDED FOR AN ACTIVE REQUEST. DATASET NAME=PRDDEDPR.SPLICE.CADM.TRC00021",1+,4
56815,"02.36.52          *IXC585E STRUCTURE DSNDP01_GBP32K1 IN COUPLING FACILITY * BCC1C1, *PHYSICAL STRUCTURE VERSION D53EF9A7 D0BCB4C0, *IS AT OR ABOVE STRUCTURE FULL MONITORING THRESHOLD OF 80%: *   SPACE USAGE     IN-USE       TOTAL",1+,8
56816,02.37.55 S0093013 *DSNB319A  -DP31 DSNB1CNE THERE IS A SHORTAGE OF SPACE *IN GROUP BUFFER POOL GBP32K1,1+,8
56817,02.40.56 CP2B J0089480 *IEF099I JOB C4CARD00 WAITING FOR DATA SETS,1+,0
56818,02.39.04 CP3B J0088325 *IEF099I JOB DEDPIN31 WAITING FOR DATA SETS,1+,0
56819,02.15.02 CP3A J0082925 *IEF099I JOB RMFRPTD3 WAITING FOR DATA SETS,1+,0
56820,02.06.05 J0124506 *IEF099I JOB G01S506B WAITING FOR DATA SETS,1+,0
56821,02.05.04 J0124498 *IEF099I JOB P1CICSDL WAITING FOR DATA SETS,1+,0
56822,21.15.17 J0083465  +DBA:BANCS BIG SEGMENT TS FOUND!TSLMVU HAS 21 DATASETS(MAX 32) SYSJOB,1+,1
56823,21.11.06 J0083520 *IEF099I JOB NA100009 WAITING FOR DATA SETS,1+,0
56824,21.04.10 J0083396  +DBA:EISS BIG SEGMENT TS FOUND!CGEN050P HAS 21 DATASETS(MAX 32) SYSJOB,1+,1
56825,21.04.10 J0083396  +DBA:EISS BIG SEGMENT TS FOUND!CGEN048P HAS 21 DATASETS(MAX 32) SYSJOB,1+,1
56826,21.04.10 J0083396  +DBA:EISS BIG SEGMENT TS FOUND!CGEN246P HAS 21 DATASETS(MAX 32) SYSJOB,1+,1
56827,21.04.10 J0083396  +DBA:EISS BIG SEGMENT TS FOUND!CGEN245P HAS 24 DATASETS(MAX 32) SYSJOB,1+,1
56828,21.04.10 J0083396  +DBA:EISS BIG SEGMENT TS FOUND!CGEN263P HAS 22 DATASETS(MAX 32) SYSJOB,1+,1
56829,22.28.48 J0084189 *IEF099I JOB G01S663B WAITING FOR DATA SETS,1+,0
56830,"E2E:2019-01-04 22:20:23,024 ERROR [com.e2e.dc.service.impl.GetLogDataImpl] - Got SQL exception : java.sql.SQLException: ORA-12592: TNS:bad packet",10+,9
56831,00.38.43 J0096609 *IEF099I JOB SA060000 WAITING FOR DATA SETS,1+,0
56832,00.20.59 J0096337 *IEF099I JOB G01S506B WAITING FOR DATA SETS,1+,0
56833,01.40.10 J0101176 *IEF099I JOB P1ZOSDL  WAITING FOR DATA SETS,1+,0
56834,01.32.57 CP2B J0089379 *IEF099I JOB TMZ60000 WAITING FOR DATA SETS,1+,0
56835,01.05.03 CP3B J0035682 *IEF099I JOB SMFMRGCI WAITING FOR DATA SETS,1+,0
56836,01.05.02 J0100615 *IEF099I JOB SMFMRGCI WAITING FOR DATA SETS,1+,0
56837,"01.03.37 S0093068  @SLS6681I VTV:Z53520 MIGRATED TO MVC:000987 LOCATION:0010/00018E1B STORCL:HSHTEST MGMTCL:BKPM5 GBP16K1, THE CONDITION THAT CAUSED THE PREVIOUS DSNB355I MESSAGE DOES - NOT CURRENTLY EXIST. - PREVIOUS PAGE LEVEL",100+,9
56838,02.15.01 CP3B J0041891 *IEF099I JOB RMFRPTD3 WAITING FOR DATA SETS,1+,0
56839,02.12.48 J0103485 *IEF099I JOB P1CICSDL WAITING FOR DATA SETS,1+,0
56840,"03.58.59 CP2A           IOS080I 4CB6,A0,AM300022, I/O TIMEOUT INTERVAL HAS BEEN EXCEEDED FOR AN ACTIVE REQUEST. DATASET NAME=PRDC64R.LVEQ.TEMP.AM202233.S01",1+,4
56841,03.20.06 J0116361 *IEF099I JOB G01UL133 WAITING FOR DATA SETS,1+,0
56842,03.10.19 CP2D S0007542  BSDB2QBSZS0 SEV=CRI CP2C Data SetName: IMGCP.L.B.BN.TSNPBT.CA190104.H14 SIZE=81899124 (Alloc Size(in KB) > 70000000),10+,9
56843,03.05.35 CP2C J0120669 *IEF099I JOB C4CARD01 WAITING FOR DATA SETS,1+,0
56844,"04.49.55          *IXC585E STRUCTURE LOGRECSTRUCTURE IN COUPLING FACILITY * BCC2C1, *PHYSICAL STRUCTURE VERSION D3C49DE1 32926040, *IS AT OR ABOVE STRUCTURE FULL MONITORING THRESHOLD OF 85%: *   SPACE USAGE     IN-USE       TOTAL",1+,8
56845,"04.33.07           IOS080I 12F3,**,ZAPISS0G, I/O TIMEOUT INTERVAL HAS BEEN EXCEEDED FOR AN ACTIVE REQUEST. DATASET NAME=SYS1.VTOC.VP11E9F",1+,4
56846,05.18.55 J0118772 *IEF099I JOB AXBKOUT  WAITING FOR DATA SETS,1+,0
56847,05.05.36 J0118473  +DBA:BANCS BIG SEGMENT TS FOUND!TSLMVU HAS 21 DATASETS(MAX 32) SYSJOB,1+,1
56848,05.04.12 J0118531  +DBA:EISS BIG SEGMENT TS FOUND!CGEN050P HAS 21 DATASETS(MAX 32) SYSJOB,1+,1
56849,05.04.12 J0118531  +DBA:EISS BIG SEGMENT TS FOUND!CGEN245P HAS 24 DATASETS(MAX 32) SYSJOB,1+,1
56850,05.04.12 J0118531  +DBA:EISS BIG SEGMENT TS FOUND!CGEN263P HAS 22 DATASETS(MAX 32) SYSJOB,1+,1
56851,05.04.12 J0118531  +DBA:EISS BIG SEGMENT TS FOUND!CGEN048P HAS 21 DATASETS(MAX 32) SYSJOB,1+,1
56852,06.42.27 CP3C J0078976 *IEF099I JOB DEDPCZ31 WAITING FOR DATA SETS,1+,0
56853,07.34.21 CP3D S0049241  BSOEXTPDSS0 SEV=WAR CP3C Data Set: SYS0.MLIB.PARMLIB EXTENTS = 14 (Exts > 12),1+,9
56854,08.06.26 CP2D S0007542  BSOEXTPDSS0 SEV=WAR CP2C Data Set: SYS0.MLIB.PARMLIB EXTENTS = 16 (Exts > 12),1+,9
56855,11.20.11 CP3D S0059824 *DSNB319A  -DP2Y DSNB1CNE THERE IS A SHORTAGE OF * SPACE *IN GROUP BUFFER POOL GBP0,1+,8
56856,11.17.50 CP3D S0059824 *DSNB325A  -DP2Y DSNB1CNE THERE IS A CRITICAL * SHORTAGE *OF SPACE IN GROUP BUFFER POOL GBP0,1+,8
56857,12.24.09 S0093536  DSNR035I  -DP41 DSNRPBCW WARNING - UNCOMMITTED UR AFTER 3 CHECKPOINTS - CORRELATION NAME = NS200008 -           CONNECTION ID  = UTILITY -           LUWID = BOCHQP.DP41APPL.D57BE7512D9D = 136674 -           PLAN,10+,9
56858,21.15.33 J0131632  +DBA:BANCS BIG SEGMENT TS FOUND!TSLMVU HAS 21 DATASETS(MAX 32) SYSJOB,1+,1
56859,21.12.40 J0131712 *IEF099I JOB NA100009 WAITING FOR DATA SETS,1+,0
56860,21.04.10 J0131600  +DBA:EISS BIG SEGMENT TS FOUND!CGEN246P HAS 21 DATASETS(MAX 32) SYSJOB,1+,1
56861,21.04.10 J0131600  +DBA:EISS BIG SEGMENT TS FOUND!CGEN048P HAS 21 DATASETS(MAX 32) SYSJOB,1+,1
56862,21.04.10 J0131600  +DBA:EISS BIG SEGMENT TS FOUND!CGEN050P HAS 21 DATASETS(MAX 32) SYSJOB,1+,1
56863,21.04.10 J0131600  +DBA:EISS BIG SEGMENT TS FOUND!CGEN263P HAS 22 DATASETS(MAX 32) SYSJOB,1+,1
56864,21.04.10 J0131600  +DBA:EISS BIG SEGMENT TS FOUND!CGEN245P HAS 24 DATASETS(MAX 32) SYSJOB,1+,1
56865,23.50.47 J0143973 *IEF099I JOB G01S023B WAITING FOR DATA SETS,1+,0
56866,00.58.41 S0093400  DSNR035I  -DPW1 DSNRPBCW WARNING - UNCOMMITTED UR AFTER 3 CHECKPOINTS - CORRELATION NAME = DELMWH01 -           CONNECTION ID  = BATCH -           LUWID = BOCHQP.DPW1APPL.D57C8E9083C6 = 163721 -           PLAN N,10+,9
56867,00.35.59 J0144488 *IEF099I JOB SA040000 WAITING FOR DATA SETS,1+,0
56868,00.13.34 J0144173 *IEF099I JOB G01S506B WAITING FOR DATA SETS,1+,0
56869,"00.01.59 S0093434  +CSQX209E !QWP1 CSQXRESP Connection unexpectedly terminated, connection 11.3.2.5 -  (queue manager QWP0) -  TRPTYPE=TCP RC=00000000",1+,9
56870,01.55.50 S0093400  DSNR035I  -DPW1 DSNRPBCW WARNING - UNCOMMITTED UR AFTER 6 CHECKPOINTS - CORRELATION NAME = DELSWMSG -           CONNECTION ID  = BATCH -           LUWID = BOCHQP.DPW1APPL.D57C99D96028 = 164640 -           PLAN N,1+,9
56871,01.34.26 J0149936 *IEF099I JOB P1ZOSDL  WAITING FOR DATA SETS,1+,0
56872,01.26.14 CP2A J0158436 *IEF099I JOB TMZ60000 WAITING FOR DATA SETS,1+,0
56873,01.05.01 CP3B J0148713 *IEF099I JOB SMFMRGCI WAITING FOR DATA SETS,1+,0
56874,01.05.03 J0148827 *IEF099I JOB SMFMRGCI WAITING FOR DATA SETS,1+,0
56875,01.05.02 J0148826 *IEF099I JOB SMFMRGDB WAITING FOR DATA SETS,1+,0
56876,02.51.10 S0093537 *DSNB319A  -DP81 DSNB1CNE THERE IS A SHORTAGE OF SPACE *IN GROUP BUFFER POOL GBP32K1,1+,8
56877,02.34.55 J0160610 *IEF099I JOB G0FSP008 WAITING FOR DATA SETS,1+,0
56878,02.33.14 S0093400  DSNR035I  -DPW1 DSNRPBCW WARNING - UNCOMMITTED UR AFTER 15 CHECKPOINTS - CORRELATION NAME = DELSWMSG -           CONNECTION ID  = BATCH -           LUWID = BOCHQP.DPW1APPL.D57C99D96028 = 164640 -           PLAN,1+,9
56879,02.29.06 J0160568 *IEF099I JOB G01S131B WAITING FOR DATA SETS,1+,0
56880,02.19.17 J0160460 *IEF099I JOB P1CICSDL WAITING FOR DATA SETS,1+,0
56881,03.10.18 CP2D S0007542  BSDB2QBSZS0 SEV=CRI CP2C Data SetName: IMGCP.L.B.BN.TSNPBT.CA190105.H14 SIZE=81899124 (Alloc Size(in KB) > 70000000),10+,9
56882,"04.58.04 CP2B          *IXC585E STRUCTURE LOGRECSTRUCTURE IN COUPLING * FACILITY BCC2C2, *PHYSICAL STRUCTURE VERSION D3C53696 F18B86E4, *IS AT OR ABOVE STRUCTURE FULL MONITORING THRESHOLD OF 80%: *   SPACE USAGE     IN-USE       T",1+,8
56883,04.37.12 CP2C J0009933 *IEF099I JOB QC800301 WAITING FOR DATA SETS,1+,0
56884,04.31.29 CP3D J0171960 *IEF099I JOB DEDPG1U4 WAITING FOR DATA SETS,1+,0
56885,05.13.15 J0165818 *IEF099I JOB AXBKOUT  WAITING FOR DATA SETS,1+,0
56886,05.05.26 J0165616  +DBA:BANCS BIG SEGMENT TS FOUND!TSLMVU HAS 21 DATASETS(MAX 32) SYSJOB,1+,1
56887,05.04.11 J0165671  +DBA:EISS BIG SEGMENT TS FOUND!CGEN263P HAS 22 DATASETS(MAX 32) SYSJOB,1+,1
56888,05.04.11 J0165671  +DBA:EISS BIG SEGMENT TS FOUND!CGEN245P HAS 24 DATASETS(MAX 32) SYSJOB,1+,1
56889,05.04.11 J0165671  +DBA:EISS BIG SEGMENT TS FOUND!CGEN050P HAS 21 DATASETS(MAX 32) SYSJOB,1+,1
56890,05.04.11 J0165671  +DBA:EISS BIG SEGMENT TS FOUND!CGEN246P HAS 21 DATASETS(MAX 32) SYSJOB,1+,1
56891,05.04.11 J0165671  +DBA:EISS BIG SEGMENT TS FOUND!CGEN048P HAS 21 DATASETS(MAX 32) SYSJOB,1+,1
56892,07.34.24 CP3D S0049241  BSOEXTPDSS0 SEV=WAR CP3C Data Set: SYS0.MLIB.PARMLIB EXTENTS = 14 (Exts > 12),1+,9
56893,08.06.26 CP2D S0007542  BSOEXTPDSS0 SEV=WAR CP2C Data Set: SYS0.MLIB.PARMLIB EXTENTS = 16 (Exts > 12),1+,9
56894,12.23.44 S0093402  DSNR035I  -DP21 DSNRPBCW WARNING - UNCOMMITTED UR AFTER 3 CHECKPOINTS - CORRELATION NAME = NS200008 -           CONNECTION ID  = UTILITY -           LUWID = BOCHQP.DP21APPL.D57D2937D3E9 = 45412 -           PLAN,10+,9
56895,21.15.17 J0176562  +DBA:BANCS BIG SEGMENT TS FOUND!TSLMVU HAS 21 DATASETS(MAX 32) SYSJOB,1+,1
56896,21.11.17 J0176628 *IEF099I JOB NA100006 WAITING FOR DATA SETS,1+,0
56897,21.04.12 J0176534  +DBA:EISS BIG SEGMENT TS FOUND!CGEN050P HAS 21 DATASETS(MAX 32) SYSJOB,1+,1
56898,21.04.12 J0176534  +DBA:EISS BIG SEGMENT TS FOUND!CGEN263P HAS 22 DATASETS(MAX 32) SYSJOB,1+,1
56899,21.04.12 J0176534  +DBA:EISS BIG SEGMENT TS FOUND!CGEN048P HAS 21 DATASETS(MAX 32) SYSJOB,1+,1
56900,21.04.12 J0176534  +DBA:EISS BIG SEGMENT TS FOUND!CGEN246P HAS 21 DATASETS(MAX 32) SYSJOB,1+,1
56901,21.04.12 J0176534  +DBA:EISS BIG SEGMENT TS FOUND!CGEN245P HAS 24 DATASETS(MAX 32) SYSJOB,1+,1
56902,22.40.45 J0179873 *IEF099I JOB G01S663B WAITING FOR DATA SETS,1+,0
56903,00.42.34 S0093011  DSNR035I  -DP71 DSNRPBCW WARNING - UNCOMMITTED UR AFTER 3 CHECKPOINTS - CORRELATION NAME = SS160015 -           CONNECTION ID  = UTILITY -           LUWID = BOCHQP.DP71APPL.D57DCF9AA9C4 = 74924 -           PLAN,10+,9
56904,00.34.52 J0189062 *IEF099I JOB SA060000 WAITING FOR DATA SETS,1+,0
56905,01.46.44 J0198167 *IEF099I JOB G01S506B WAITING FOR DATA SETS,1+,0
56906,*01.33.21 J0196146 *IEF099I JOB P1ZOSDL  WAITING FOR DATA SETS,1+,0
56907,01.32.24 CP2B J0027175 *IEF099I JOB TMZ60000 WAITING FOR DATA SETS,1+,0
56908,02.57.12 CP2B J0058606 *IEF099I JOB C4CARD00 WAITING FOR DATA SETS,1+,0
56909,02.15.02 CP3B J0068976 *IEF099I JOB RMFRPTD3 WAITING FOR DATA SETS,1+,0
56910,02.01.46 J0002091 *IEF099I JOB P1CICSDL WAITING FOR DATA SETS,1+,0
56911,03.10.19 CP2D S0007542  BSDB2QBSZS0 SEV=CRI CP2C Data SetName: IMGCP.L.B.BN.TSNPBT.CA190106.H14 SIZE=81899123 (Alloc Size(in KB) > 70000000),10+,9
56912,05.13.31 J0011404 *IEF099I JOB AXBKOUT  WAITING FOR DATA SETS,1+,0
56913,05.10.13 J0011163  +DBA:BANCS BIG SEGMENT TS FOUND!TSLMVU HAS 21 DATASETS(MAX 32) SYSJOB,1+,1
56914,05.04.11 J0011217  +DBA:EISS BIG SEGMENT TS FOUND!CGEN245P HAS 24 DATASETS(MAX 32) SYSJOB,1+,1
56915,05.04.11 J0011217  +DBA:EISS BIG SEGMENT TS FOUND!CGEN048P HAS 21 DATASETS(MAX 32) SYSJOB,1+,1
56916,05.04.11 J0011217  +DBA:EISS BIG SEGMENT TS FOUND!CGEN246P HAS 21 DATASETS(MAX 32) SYSJOB,1+,1
56917,05.04.11 J0011217  +DBA:EISS BIG SEGMENT TS FOUND!CGEN263P HAS 22 DATASETS(MAX 32) SYSJOB,1+,1
56918,05.04.11 J0011217  +DBA:EISS BIG SEGMENT TS FOUND!CGEN050P HAS 21 DATASETS(MAX 32) SYSJOB,1+,1
56919,06.41.47 CP3C J0104459 *IEF099I JOB DEDPH131 WAITING FOR DATA SETS,1+,0
56920,07.34.24 CP3D S0049241  BSOEXTPDSS0 SEV=WAR CP3C Data Set: SYS0.MLIB.PARMLIB EXTENTS = 14 (Exts > 12),1+,9
56921,07.33.56 S0093003  BQBANCBGLS0 SEV=WAR QP31 NamedQueue: BANCS.BGLHASHB.QUEUE CURRENT DEPTH:29481 (CurrentDepth >= 20000)         请关注BGL队列深度变化，加强监控,10+,9
56922,08.06.25 CP2D S0007542  BSOEXTPDSS0 SEV=WAR CP2C Data Set: SYS0.MLIB.PARMLIB EXTENTS = 16 (Exts > 12),1+,9
56923,11.24.38 S0093401  DSNR035I  -DP61 DSNRPBCW WARNING - UNCOMMITTED UR AFTER 3 CHECKPOINTS - CORRELATION NAME = TF002802 -           CONNECTION ID  = BATCH -           LUWID = BOCHQP.DP61APPL.D57E5D5EC2B9 = 57950 -           PLAN NA,10+,9
56924,12.42.22 S0093011  DSNR035I  -DP71 DSNRPBCW WARNING - UNCOMMITTED UR AFTER 3 CHECKPOINTS - CORRELATION NAME = NS200023 -           CONNECTION ID  = UTILITY -           LUWID = BOCHQP.DP71APPL.D57E6E5F24AA = 118863 -           PLAN,10+,9
56925,"12.40.53 S0092568  DSNB356I  -DP11 DSNB5SCO FOR GROUP BUFFER POOL GBP28, THE CONDITION THAT CAUSED THE PREVIOUS DSNB355I MESSAGE DOES NOT CURRENTLY EXIST. - PREVIOUS PAGE LEVEL   = 00D57E700EDEEE000000 12:32:41 JAN  7, 2019 - CURR",10+,8
56926,15.13.01 J0033199 *IEF099I JOB APPREPOT WAITING FOR DATA SETS,1+,0
56927,16.27.23 CP3C S0058946 *DSNB319A  -DP1Y DSNB1CNE THERE IS A SHORTAGE OF * SPACE *IN GROUP BUFFER POOL GBP8,1+,8
56928,18.42.46 J0049219 *IEF099I JOB SORT     WAITING FOR DATA SETS,1+,0
56929,18.32.49 J0048930 *IEF099I JOB SORT     WAITING FOR DATA SETS,1+,0
56930,21.15.22 J0051838  +DBA:BANCS BIG SEGMENT TS FOUND!TSLMVU HAS 21 DATASETS(MAX 32) SYSJOB,1+,1
56931,21.11.27 J0051904 *IEF099I JOB NA100006 WAITING FOR DATA SETS,1+,0
56932,21.04.38 J0051780 *IEF099I JOB SORT     WAITING FOR DATA SETS,1+,0
56933,21.04.10 J0051779  +DBA:EISS BIG SEGMENT TS FOUND!CGEN263P HAS 22 DATASETS(MAX 32) SYSJOB,1+,1
56934,21.04.10 J0051779  +DBA:EISS BIG SEGMENT TS FOUND!CGEN050P HAS 21 DATASETS(MAX 32) SYSJOB,1+,1
56935,21.04.10 J0051779  +DBA:EISS BIG SEGMENT TS FOUND!CGEN246P HAS 21 DATASETS(MAX 32) SYSJOB,1+,1
56936,21.04.10 J0051779  +DBA:EISS BIG SEGMENT TS FOUND!CGEN048P HAS 21 DATASETS(MAX 32) SYSJOB,1+,1
56937,21.04.10 J0051779  +DBA:EISS BIG SEGMENT TS FOUND!CGEN245P HAS 25 DATASETS(MAX 32) SYSJOB,1+,1
56938,22.58.17 J0057403 *IEF099I JOB EC046300 WAITING FOR DATA SETS,1+,0
56939,00.34.50 J0064282 *IEF099I JOB SA040000 WAITING FOR DATA SETS,1+,0
56940,00.04.12 S0093536  DSNR035I  -DP41 DSNRPBCW WARNING - UNCOMMITTED UR AFTER 3 CHECKPOINTS - CORRELATION NAME = ME980000 -           CONNECTION ID  = DB2CALL -           LUWID = BOCHQP.DP41APPL.D57F05854881 = 32323 -           PLAN,10+,9
56941,"01.58.34 J0072935  IEF403I DT213800 - STARTED - TIME=01.58.34 THE CONDITION THAT CAUSED THE PREVIOUS DSNB355I MESSAGE DOES NOT CURRENTLY EXIST. - PREVIOUS PAGE LEVEL   = 00D57F224F6B30000000 01:50:11 JAN  8, 2019 - CURRENT PAGE LE",10+,9
56942,01.41.15 J0069915 *IEF099I JOB P1ZOSDL  WAITING FOR DATA SETS,1+,0
56943,01.40.17 J0069457 *IEF099I JOB G01S506B WAITING FOR DATA SETS,1+,0
56944,01.31.22 CP2A J0096744 *IEF099I JOB TMZ60000 WAITING FOR DATA SETS,1+,0
56945,"01.19.11 CP2B           IOS080I 40EE,47,UM103600, I/O TIMEOUT INTERVAL HAS BEEN EXCEEDED FOR AN ACTIVE REQUEST. DATASET NAME=PRDDEDPR.SPLIT.BOIS.UP103601.PR36",1+,4
56946,01.05.03 J0068538 *IEF099I JOB SMFMRGCI WAITING FOR DATA SETS,1+,0
56947,02.49.00 CP2C J0127776 *IEF099I JOB C4CARD00 WAITING FOR DATA SETS,1+,0
56948,02.17.40 J0081055 *IEF099I JOB P1CICSDL WAITING FOR DATA SETS,1+,0
56949,02.15.00 CP3B J0181104 *IEF099I JOB RMFRPTD3 WAITING FOR DATA SETS,1+,0
56950,04.22.14 CP3D J0196917 *IEF099I JOB DEDPAE31 WAITING FOR DATA SETS,1+,0
56951,05.45.21 J0087310 *IEF099I JOB A01M9251 WAITING FOR DATA SETS,1+,0
56952,05.20.02 J0087021 *IEF099I JOB AXBKOUT  WAITING FOR DATA SETS,1+,0
56953,05.08.13 J0086698  +DBA:BANCS BIG SEGMENT TS FOUND!TSLMVU HAS 21 DATASETS(MAX 32) SYSJOB,1+,1
56954,05.04.11 J0086755  +DBA:EISS BIG SEGMENT TS FOUND!CGEN048P HAS 21 DATASETS(MAX 32) SYSJOB,1+,1
56955,05.04.11 J0086755  +DBA:EISS BIG SEGMENT TS FOUND!CGEN263P HAS 22 DATASETS(MAX 32) SYSJOB,1+,1
56956,05.04.11 J0086755  +DBA:EISS BIG SEGMENT TS FOUND!CGEN050P HAS 21 DATASETS(MAX 32) SYSJOB,1+,1
56957,05.04.11 J0086755  +DBA:EISS BIG SEGMENT TS FOUND!CGEN245P HAS 25 DATASETS(MAX 32) SYSJOB,1+,1
56958,05.04.11 J0086755  +DBA:EISS BIG SEGMENT TS FOUND!CGEN246P HAS 21 DATASETS(MAX 32) SYSJOB,1+,1
56959,06.44.56 CP3D J0020032 *IEF099I JOB DEDPIT31 WAITING FOR DATA SETS,1+,0
56960,06.43.00 CP3D J0019031 *IEF099I JOB DEDPNL31 WAITING FOR DATA SETS,1+,0
56961,06.43.00 CP3D J0019040 *IEF099I JOB DEDPCZ31 WAITING FOR DATA SETS,1+,0
56962,"*07.33.22 CP3A          *IEA480E 678A,DASD,MODERATE ALERT,MT=2107, * SER=0375-55900, *REFCODE=DF83-8001-0805,VOLSER=P3678A,ID=04,SENSE=00000600 0032CF04 *11400080 0108050C E500DA5C 4D01DF83 05104E00 FE000000",100+,9
56963,"07.20.31 CP2C          *IEA480E 5A28,SCU,MODERATE ALERT,MT=2107, * SER=0385-50561, *REFCODE=AF60-36E0-127A,SENSE=00901000 003C8F12 11500036 E0127A0D *0500C581 A5A0AF60 05104200 F1000000",100+,9
56964,"10.22.14 S0092583 *IEA480E 56F2,SCU,MODERATE ALERT,MT=2107,SER=0385-50561, *REFCODE=AF60-06E0-127E,SENSE=00901000 003C8F25 11500006 E0127E0D *0500C581 A568AF60 05104200 F1000000",100+,9
56965,11.30.36 S0093286 *ARC0911E MCDS INDEX DATA SET IS ABOUT 081% FULL,100+,9
56966,12.30.43 S0093401  DSNR035I  -DP61 DSNRPBCW WARNING - UNCOMMITTED UR AFTER 3 CHECKPOINTS - CORRELATION NAME = NS200023 -           CONNECTION ID  = UTILITY -           LUWID = BOCHQP.DP61APPL.D57FACE453D6 = 49347 -           PLAN,10+,9
56967,14.50.05 S0093505 *ARC0911E MCDS INDEX DATA SET IS ABOUT 081% FULL,100+,9
56968,14.21.01 S0164476  DNFO1033E 2019-01-08 06:21:01 BOCOU01 DNF_O_FT 31323031393031386393488 4466289076954126358032226.562  SAG returned error information with - the following parameters: -  Code    : 'Sw.Wfa.BCSError' -  Text    : ',10+,9
